step,segment,concept,occurrence,adapter,decision,reason,loss,num_adapters,train_executed,lora_parameters,private_head_parameters,unwrapped_shared_head_parameters,total_unique_parameters,currently_trainable_parameters,optimizer_state_bytes,replay_items,elapsed_seconds,gpu_peak_allocated_bytes,component_audit_seconds,live_training_seconds,evaluation_seconds,statusquo_loss,fresh_utility,best_reuse_utility,fresh_advantage,fresh_positive,fresh_feasible_both,info
1,B1,B,1,default,warmup,existing_warmup,0.6852201223373413,1,True,147456,592130,0,67694596,739586,5916800,16,13.681769957765937,530417664,0.0,0.42482752352952957,0.0,,,,,,,"{""best_reuse"": null, ""best_reuse_utility"": null, ""decision"": ""warmup"", ""fresh_positive"": null, ""fresh_utility"": null, ""full_batch_guards"": {}, ""guarded_best_reuse"": null, ""num_adapters"": 1, ""pending_after"": false, ""pending_before"": false, ""policy_version"": ""cau_v1"", ""reason"": ""existing_warmup"", ""utility_status"": ""warmup""}"
2,B1,B,1,default,warmup,existing_warmup,0.7000061869621277,1,True,147456,592130,0,67694596,739586,5916800,32,13.706018395721912,537252864,0.0,0.4444334413856268,0.0,,,,,,,"{""best_reuse"": null, ""best_reuse_utility"": null, ""decision"": ""warmup"", ""fresh_positive"": null, ""fresh_utility"": null, ""full_batch_guards"": {}, ""guarded_best_reuse"": null, ""num_adapters"": 1, ""pending_after"": false, ""pending_before"": false, ""policy_version"": ""cau_v1"", ""reason"": ""existing_warmup"", ""utility_status"": ""warmup""}"
3,B1,B,1,default,warmup,existing_warmup,0.7117000818252563,1,True,147456,592130,0,67694596,739586,5916800,48,13.729968322440982,538039296,0.0,0.46534182503819466,0.0,,,,,,,"{""best_reuse"": null, ""best_reuse_utility"": null, ""decision"": ""warmup"", ""fresh_positive"": null, ""fresh_utility"": null, ""full_batch_guards"": {}, ""guarded_best_reuse"": null, ""num_adapters"": 1, ""pending_after"": false, ""pending_before"": false, ""policy_version"": ""cau_v1"", ""reason"": ""existing_warmup"", ""utility_status"": ""warmup""}"
4,B1,B,1,default,warmup,existing_warmup,0.6908499002456665,1,True,147456,592130,0,67694596,739586,5916800,64,13.753782156854868,538039296,0.0,0.4863920658826828,0.0,,,,,,,"{""best_reuse"": null, ""best_reuse_utility"": null, ""decision"": ""warmup"", ""fresh_positive"": null, ""fresh_utility"": null, ""full_batch_guards"": {}, ""guarded_best_reuse"": null, ""num_adapters"": 1, ""pending_after"": false, ""pending_before"": false, ""policy_version"": ""cau_v1"", ""reason"": ""existing_warmup"", ""utility_status"": ""warmup""}"
5,B1,B,1,default,reuse,safe_existing_reuse,0.6939306259155273,1,True,147456,592130,0,67694596,739586,5916800,80,14.101669853553176,546098176,0.0,0.8315097279846668,0.0,0.6855905055999756,-0.026085197925567627,-0.006082773208618164,-0.020002424716949463,False,,"{""best_reuse"": ""default"", ""best_reuse_utility"": -0.006082773208618164, ""decision"": ""reuse"", ""fresh_advantage"": -0.020002424716949463, ""fresh_positive"": false, ""fresh_utility"": -0.026085197925567627, ""full_batch_guards"": {""default"": {""crossfit_feasible"": true, ""crossfit_utility"": -0.006082773208618164, ""crossfit_utility_positive"": false, ""full_batch_cur_after"": 0.6822133660316467, ""full_batch_cur_before"": 0.6855905055999756, ""full_batch_gain"": 0.0033771395683288574, ""full_batch_harm"": -0.008119571022689342, ""full_batch_harm_lcb"": -0.02048265151679516, ""full_batch_harm_se"": 0.006307694129645824, ""full_batch_harm_ucb"": 0.004243509471416473, ""full_batch_safe"": true}}, ""guarded_best_reuse"": ""default"", ""num_adapters"": 1, ""pending_after"": false, ""pending_before"": false, ""policy_version"": ""cau_v1"", ""reason"": ""safe_existing_reuse"", ""utility"": {""batch_n"": 16, ""best_reuse"": ""default"", ""best_reuse_query_after"": 0.6916732788085938, ""best_reuse_utility"": -0.006082773208618164, ""defer_utility"": 0.0, ""fold_a_fresh_utility"": -0.05327880382537842, ""fold_a_query_n"": 8, ""fold_a_support_n"": 8, ""fold_b_fresh_utility"": 0.001108407974243164, ""fold_b_query_n"": 8, ""fold_b_support_n"": 8, ""fresh_advantage"": -0.020002424716949463, ""fresh_local_trainability"": -0.015467196702957153, ""fresh_positive"": false, ""fresh_query_after"": 0.7116757035255432, ""fresh_query_before"": 0.6962085068225861, ""fresh_utility"": -0.026085197925567627, ""reuse_profiles"": {""default"": {""feasible_both"": true, ""fold_a_harm"": -0.007037987932562828, ""fold_a_lcb"": -0.015673173889517784, ""fold_a_query_after"": 0.6728240251541138, ""fold_a_utility"": 0.009175300598144531, ""fold_b_harm"": -0.00788313802331686, ""fold_b_lcb"": -0.025047525838017462, ""fold_b_query_after"": 0.7105225324630737, ""fold_b_utility"": -0.02134084701538086, ""harm_lcb_max"": -0.015673173889517784, ""harm_mean"": -0.007460562977939844, ""harm_se_mean"": 0.006581523921340704, ""harm_ucb_max"": 0.009281249791383742, ""local_trainability"": -0.006082773208618164, ""query_after"": 0.6916732788085938, ""query_before"": 0.6855905055999756, ""system_utility"": -0.006082773208618164}}, ""status"": ""ok"", ""statusquo_loss"": 0.6855905055999756}, ""utility_status"": ""ok""}"
6,B1,B,1,default,reuse,safe_existing_reuse,0.6631796360015869,1,True,147456,592130,0,67694596,739586,5916800,96,14.447389354929328,546098176,0.0,1.1738639436662197,0.0,0.6680157780647278,-0.0546855628490448,0.0007365942001342773,-0.05542215704917908,False,,"{""best_reuse"": ""default"", ""best_reuse_utility"": 0.0007365942001342773, ""decision"": ""reuse"", ""fresh_advantage"": -0.05542215704917908, ""fresh_positive"": false, ""fresh_utility"": -0.0546855628490448, ""full_batch_guards"": {""default"": {""crossfit_feasible"": true, ""crossfit_utility"": 0.0007365942001342773, ""crossfit_utility_positive"": true, ""full_batch_cur_after"": 0.6579673290252686, ""full_batch_cur_before"": 0.6680157780647278, ""full_batch_gain"": 0.010048449039459229, ""full_batch_harm"": -0.010261030867695808, ""full_batch_harm_lcb"": -0.02258193202316761, ""full_batch_harm_se"": 0.006286174058914185, ""full_batch_harm_ucb"": 0.0020598702877759924, ""full_batch_safe"": true}}, ""guarded_best_reuse"": ""default"", ""num_adapters"": 1, ""pending_after"": false, ""pending_before"": false, ""policy_version"": ""cau_v1"", ""reason"": ""safe_existing_reuse"", ""utility"": {""batch_n"": 16, ""best_reuse"": ""default"", ""best_reuse_query_after"": 0.6672791838645935, ""best_reuse_utility"": 0.0007365942001342773, ""defer_utility"": 0.0, ""fold_a_fresh_utility"": -0.09194111824035645, ""fold_a_query_n"": 8, ""fold_a_support_n"": 8, ""fold_b_fresh_utility"": -0.017430007457733154, ""fold_b_query_n"": 8, ""fold_b_support_n"": 8, ""fresh_advantage"": -0.05542215704917908, ""fresh_local_trainability"": -0.003149479627609253, ""fresh_positive"": false, ""fresh_query_after"": 0.7227013409137726, ""fresh_query_before"": 0.7195518612861633, ""fresh_utility"": -0.0546855628490448, ""reuse_profiles"": {""default"": {""feasible_both"": true, ""fold_a_harm"": -0.007667812518775463, ""fold_a_lcb"": -0.013914321670308708, ""fold_a_query_after"": 0.6251078248023987, ""fold_a_utility"": 0.013466417789459229, ""fold_b_harm"": -0.010521466843783855, ""fold_b_lcb"": -0.025472108386456964, ""fold_b_query_after"": 0.7094505429267883, ""fold_b_utility"": -0.011993229389190674, ""harm_lcb_max"": -0.013914321670308708, ""harm_mean"": -0.00909463968127966, ""harm_se_mean"": 0.005407436401583254, ""harm_ucb_max"": 0.004429174698889255, ""local_trainability"": 0.0007365942001342773, ""query_after"": 0.6672791838645935, ""query_before"": 0.6680157780647278, ""system_utility"": 0.0007365942001342773}}, ""status"": ""ok"", ""statusquo_loss"": 0.6680157780647278}, ""utility_status"": ""ok""}"
7,B1,B,1,default,reuse,pending_fresh_safe_existing_reuse,0.7182141542434692,1,True,147456,592130,0,67694596,739586,5916800,112,14.803372971713543,546098176,0.0,1.526239775121212,0.0,0.7327815294265747,0.047121644020080566,-0.009547203779220581,0.05666884779930115,True,,"{""best_reuse"": ""default"", ""best_reuse_utility"": -0.009547203779220581, ""decision"": ""reuse"", ""fresh_advantage"": 0.05666884779930115, ""fresh_positive"": true, ""fresh_utility"": 0.047121644020080566, ""full_batch_guards"": {""default"": {""crossfit_feasible"": true, ""crossfit_utility"": -0.009547203779220581, ""crossfit_utility_positive"": false, ""full_batch_cur_after"": 0.737120509147644, ""full_batch_cur_before"": 0.7327815294265747, ""full_batch_gain"": -0.004338979721069336, ""full_batch_harm"": -0.00515126483514905, ""full_batch_harm_lcb"": -0.009575326554477214, ""full_batch_harm_se"": 0.0022571743465960026, ""full_batch_harm_ucb"": -0.000727203115820885, ""full_batch_safe"": true}}, ""guarded_best_reuse"": ""default"", ""num_adapters"": 1, ""pending_after"": true, ""pending_before"": false, ""policy_version"": ""cau_v1"", ""reason"": ""pending_fresh_safe_existing_reuse"", ""utility"": {""batch_n"": 16, ""best_reuse"": ""default"", ""best_reuse_query_after"": 0.7423287332057953, ""best_reuse_utility"": -0.009547203779220581, ""defer_utility"": 0.0, ""fold_a_fresh_utility"": -0.005740344524383545, ""fold_a_query_n"": 8, ""fold_a_support_n"": 8, ""fold_b_fresh_utility"": 0.09998363256454468, ""fold_b_query_n"": 8, ""fold_b_support_n"": 8, ""fresh_advantage"": 0.05666884779930115, ""fresh_local_trainability"": -0.006220430135726929, ""fresh_positive"": true, ""fresh_query_after"": 0.6856598854064941, ""fresh_query_before"": 0.6794394552707672, ""fresh_utility"": 0.047121644020080566, ""reuse_profiles"": {""default"": {""feasible_both"": true, ""fold_a_harm"": -0.005005518905818462, ""fold_a_lcb"": -0.009324484122917056, ""fold_a_query_after"": 0.702886700630188, ""fold_a_utility"": -0.0018968582153320312, ""fold_b_harm"": -0.0056069777347147465, ""fold_b_lcb"": -0.012038153605535626, ""fold_b_query_after"": 0.7817707657814026, ""fold_b_utility"": -0.01719754934310913, ""harm_lcb_max"": -0.009324484122917056, ""harm_mean"": -0.005306248320266604, ""harm_se_mean"": 0.0027423829305917025, ""harm_ucb_max"": 0.0008241981361061333, ""local_trainability"": -0.009547203779220581, ""query_after"": 0.7423287332057953, ""query_before"": 0.7327815294265747, ""system_utility"": -0.009547203779220581}}, ""status"": ""ok"", ""statusquo_loss"": 0.7327815294265747}, ""utility_status"": ""ok""}"
8,B1,B,1,default,reuse,safe_existing_reuse,0.6818766593933105,1,True,147456,592130,0,67694596,739586,5916800,128,15.157651687040925,546098176,0.0,1.8769435584545135,0.0,0.6670335829257965,-0.04543218016624451,0.0022111833095550537,-0.04764336347579956,False,,"{""best_reuse"": ""default"", ""best_reuse_utility"": 0.0022111833095550537, ""decision"": ""reuse"", ""fresh_advantage"": -0.04764336347579956, ""fresh_positive"": false, ""fresh_utility"": -0.04543218016624451, ""full_batch_guards"": {""default"": {""crossfit_feasible"": true, ""crossfit_utility"": 0.0022111833095550537, ""crossfit_utility_positive"": true, ""full_batch_cur_after"": 0.6600371599197388, ""full_batch_cur_before"": 0.6670335531234741, ""full_batch_gain"": 0.0069963932037353516, ""full_batch_harm"": -0.00311391893774271, ""full_batch_harm_lcb"": -0.00569580598268658, ""full_batch_harm_se"": 0.0013172893086448312, ""full_batch_harm_ucb"": -0.000532031892798841, ""full_batch_safe"": true}}, ""guarded_best_reuse"": ""default"", ""num_adapters"": 1, ""pending_after"": false, ""pending_before"": true, ""policy_version"": ""cau_v1"", ""reason"": ""safe_existing_reuse"", ""utility"": {""batch_n"": 16, ""best_reuse"": ""default"", ""best_reuse_query_after"": 0.6648223996162415, ""best_reuse_utility"": 0.0022111833095550537, ""defer_utility"": 0.0, ""fold_a_fresh_utility"": 0.0012029409408569336, ""fold_a_query_n"": 8, ""fold_a_support_n"": 8, ""fold_b_fresh_utility"": -0.09206730127334595, ""fold_b_query_n"": 8, ""fold_b_support_n"": 8, ""fresh_advantage"": -0.04764336347579956, ""fresh_local_trainability"": 0.003611654043197632, ""fresh_positive"": false, ""fresh_query_after"": 0.712465763092041, ""fresh_query_before"": 0.7160774171352386, ""fresh_utility"": -0.04543218016624451, ""reuse_profiles"": {""default"": {""feasible_both"": true, ""fold_a_harm"": -0.001658836379647255, ""fold_a_lcb"": -0.007939097946509719, ""fold_a_query_after"": 0.7083074450492859, ""fold_a_utility"": -0.0010759234428405762, ""fold_b_harm"": -0.0034596100449562073, ""fold_b_lcb"": -0.004779904847964644, ""fold_b_query_after"": 0.621337354183197, ""fold_b_utility"": 0.005498290061950684, ""harm_lcb_max"": -0.004779904847964644, ""harm_mean"": -0.002559223212301731, ""harm_se_mean"": 0.0019389174412935972, ""harm_ucb_max"": 0.004621425187215209, ""local_trainability"": 0.0022111833095550537, ""query_after"": 0.6648223996162415, ""query_before"": 0.6670335829257965, ""system_utility"": 0.0022111833095550537}}, ""status"": ""ok"", ""statusquo_loss"": 0.6670335829257965}, ""utility_status"": ""ok""}"
9,B1,B,1,default,reuse,pending_fresh_safe_existing_reuse,0.7276111841201782,1,True,147456,592130,0,67694596,739586,5916800,144,15.557772066444159,546098176,0.0,2.273428004235029,0.0,0.7304588556289673,0.04886430501937866,0.005127012729644775,0.04373729228973389,True,,"{""best_reuse"": ""default"", ""best_reuse_utility"": 0.005127012729644775, ""decision"": ""reuse"", ""fresh_advantage"": 0.04373729228973389, ""fresh_positive"": true, ""fresh_utility"": 0.04886430501937866, ""full_batch_guards"": {""default"": {""crossfit_feasible"": true, ""crossfit_utility"": 0.005127012729644775, ""crossfit_utility_positive"": true, ""full_batch_cur_after"": 0.7195287942886353, ""full_batch_cur_before"": 0.7304587960243225, ""full_batch_gain"": 0.010930001735687256, ""full_batch_harm"": -0.005915321875363588, ""full_batch_harm_lcb"": -0.009083960494026542, ""full_batch_harm_se"": 0.0016166523564606905, ""full_batch_harm_ucb"": -0.002746683256700635, ""full_batch_safe"": true}}, ""guarded_best_reuse"": ""default"", ""num_adapters"": 1, ""pending_after"": true, ""pending_before"": false, ""policy_version"": ""cau_v1"", ""reason"": ""pending_fresh_safe_existing_reuse"", ""utility"": {""batch_n"": 16, ""best_reuse"": ""default"", ""best_reuse_query_after"": 0.7253318428993225, ""best_reuse_utility"": 0.005127012729644775, ""defer_utility"": 0.0, ""fold_a_fresh_utility"": 0.1329004168510437, ""fold_a_query_n"": 8, ""fold_a_support_n"": 8, ""fold_b_fresh_utility"": -0.03517180681228638, ""fold_b_query_n"": 8, ""fold_b_support_n"": 8, ""fresh_advantage"": 0.04373729228973389, ""fresh_local_trainability"": -0.010742604732513428, ""fresh_positive"": true, ""fresh_query_after"": 0.6815945506095886, ""fresh_query_before"": 0.6708519458770752, ""fresh_utility"": 0.04886430501937866, ""reuse_profiles"": {""default"": {""feasible_both"": true, ""fold_a_harm"": -0.004064097534865141, ""fold_a_lcb"": -0.0053370142821222545, ""fold_a_query_after"": 0.7678717374801636, ""fold_a_utility"": 0.006358742713928223, ""fold_b_harm"": -0.005875532981008291, ""fold_b_lcb"": -0.009153140671551228, ""fold_b_query_after"": 0.6827919483184814, ""fold_b_utility"": 0.003895282745361328, ""harm_lcb_max"": -0.0053370142821222545, ""harm_mean"": -0.004969815257936716, ""harm_se_mean"": 0.0011608480708673596, ""harm_ucb_max"": -0.002597925290465355, ""local_trainability"": 0.005127012729644775, ""query_after"": 0.7253318428993225, ""query_before"": 0.7304588556289673, ""system_utility"": 0.005127012729644775}}, ""status"": ""ok"", ""statusquo_loss"": 0.7304588556289673}, ""utility_status"": ""ok""}"
10,B1,B,1,default,reuse,safe_existing_reuse,0.7103471159934998,1,True,147456,592130,0,67694596,739586,5916800,160,15.959318809211254,546098176,0.0,2.6711943335831165,0.0,0.66815584897995,-0.09947460889816284,-0.003447622060775757,-0.09602698683738708,False,,"{""best_reuse"": ""default"", ""best_reuse_utility"": -0.003447622060775757, ""decision"": ""reuse"", ""fresh_advantage"": -0.09602698683738708, ""fresh_positive"": false, ""fresh_utility"": -0.09947460889816284, ""full_batch_guards"": {""default"": {""crossfit_feasible"": true, ""crossfit_utility"": -0.003447622060775757, ""crossfit_utility_positive"": false, ""full_batch_cur_after"": 0.6524815559387207, ""full_batch_cur_before"": 0.66815584897995, ""full_batch_gain"": 0.015674293041229248, ""full_batch_harm"": -0.0033647301606833935, ""full_batch_harm_lcb"": -0.010103506986051797, ""full_batch_harm_se"": 0.003438151441514492, ""full_batch_harm_ucb"": 0.0033740466646850105, ""full_batch_safe"": true}}, ""guarded_best_reuse"": ""default"", ""num_adapters"": 1, ""pending_after"": false, ""pending_before"": true, ""policy_version"": ""cau_v1"", ""reason"": ""safe_existing_reuse"", ""utility"": {""batch_n"": 16, ""best_reuse"": ""default"", ""best_reuse_query_after"": 0.6716034710407257, ""best_reuse_utility"": -0.003447622060775757, ""defer_utility"": 0.0, ""fold_a_fresh_utility"": -0.25223344564437866, ""fold_a_query_n"": 8, ""fold_a_support_n"": 8, ""fold_b_fresh_utility"": 0.05328422784805298, ""fold_b_query_n"": 8, ""fold_b_support_n"": 8, ""fresh_advantage"": -0.09602698683738708, ""fresh_local_trainability"": -0.08621031045913696, ""fresh_positive"": false, ""fresh_query_after"": 0.7676304578781128, ""fresh_query_before"": 0.6814201474189758, ""fresh_utility"": -0.09947460889816284, ""reuse_profiles"": {""default"": {""feasible_both"": true, ""fold_a_harm"": -0.0029416638426482677, ""fold_a_lcb"": -0.010298729315400122, ""fold_a_query_after"": 0.5636844038963318, ""fold_a_utility"": -0.005052685737609863, ""fold_b_harm"": -0.004543397109955549, ""fold_b_lcb"": -0.006786929676309228, ""fold_b_query_after"": 0.7795225381851196, ""fold_b_utility"": -0.0018425583839416504, ""harm_lcb_max"": -0.006786929676309228, ""harm_mean"": -0.0037425304763019085, ""harm_se_mean"": 0.0024491321528330445, ""harm_ucb_max"": 0.004415401630103588, ""local_trainability"": -0.003447622060775757, ""query_after"": 0.6716034710407257, ""query_before"": 0.66815584897995, ""system_utility"": -0.003447622060775757}}, ""status"": ""ok"", ""statusquo_loss"": 0.66815584897995}, ""utility_status"": ""ok""}"
11,B1,B,1,default,reuse,pending_fresh_safe_existing_reuse,0.7415821552276611,1,True,147456,592130,0,67694596,739586,5916800,176,16.33544616214931,547802112,0.0,3.043538114055991,0.0,0.7377134263515472,0.08715441823005676,0.02221202850341797,0.0649423897266388,True,,"{""best_reuse"": ""default"", ""best_reuse_utility"": 0.02221202850341797, ""decision"": ""reuse"", ""fresh_advantage"": 0.0649423897266388, ""fresh_positive"": true, ""fresh_utility"": 0.08715441823005676, ""full_batch_guards"": {""default"": {""crossfit_feasible"": true, ""crossfit_utility"": 0.02221202850341797, ""crossfit_utility_positive"": true, ""full_batch_cur_after"": 0.7129958868026733, ""full_batch_cur_before"": 0.7377134561538696, ""full_batch_gain"": 0.02471756935119629, ""full_batch_harm"": -0.008987798355519772, ""full_batch_harm_lcb"": -0.01941840909421444, ""full_batch_harm_se"": 0.005321740172803402, ""full_batch_harm_ucb"": 0.0014428123831748962, ""full_batch_safe"": true}}, ""guarded_best_reuse"": ""default"", ""num_adapters"": 1, ""pending_after"": true, ""pending_before"": false, ""policy_version"": ""cau_v1"", ""reason"": ""pending_fresh_safe_existing_reuse"", ""utility"": {""batch_n"": 16, ""best_reuse"": ""default"", ""best_reuse_query_after"": 0.7155013978481293, ""best_reuse_utility"": 0.02221202850341797, ""defer_utility"": 0.0, ""fold_a_fresh_utility"": 0.10965031385421753, ""fold_a_query_n"": 8, ""fold_a_support_n"": 8, ""fold_b_fresh_utility"": 0.064658522605896, ""fold_b_query_n"": 8, ""fold_b_support_n"": 8, ""fresh_advantage"": 0.0649423897266388, ""fresh_local_trainability"": 0.018457472324371338, ""fresh_positive"": true, ""fresh_query_after"": 0.6505590081214905, ""fresh_query_before"": 0.6690164804458618, ""fresh_utility"": 0.08715441823005676, ""reuse_profiles"": {""default"": {""feasible_both"": true, ""fold_a_harm"": -0.008514922112226486, ""fold_a_lcb"": -0.01811382208019495, ""fold_a_query_after"": 0.7147940397262573, ""fold_a_utility"": 0.029135167598724365, ""fold_b_harm"": -0.008988000452518463, ""fold_b_lcb"": -0.019353011157363653, ""fold_b_query_after"": 0.7162087559700012, ""fold_b_utility"": 0.015288889408111572, ""harm_lcb_max"": -0.01811382208019495, ""harm_mean"": -0.008751461282372475, ""harm_se_mean"": 0.005092834355309606, ""harm_ucb_max"": 0.001377010252326727, ""local_trainability"": 0.02221202850341797, ""query_after"": 0.7155013978481293, ""query_before"": 0.7377134263515472, ""system_utility"": 0.02221202850341797}}, ""status"": ""ok"", ""statusquo_loss"": 0.7377134263515472}, ""utility_status"": ""ok""}"
12,B1,B,1,default,reuse,safe_existing_reuse,0.6527279615402222,1,True,147456,592130,0,67694596,739586,5916800,192,16.70971256867051,547802112,0.0,3.4139657709747553,0.0,0.6661109030246735,-0.032789766788482666,-0.0014025568962097168,-0.03138720989227295,False,,"{""best_reuse"": ""default"", ""best_reuse_utility"": -0.0014025568962097168, ""decision"": ""reuse"", ""fresh_advantage"": -0.03138720989227295, ""fresh_positive"": false, ""fresh_utility"": -0.032789766788482666, ""full_batch_guards"": {""default"": {""crossfit_feasible"": true, ""crossfit_utility"": -0.0014025568962097168, ""crossfit_utility_positive"": false, ""full_batch_cur_after"": 0.6648417711257935, ""full_batch_cur_before"": 0.6661108732223511, ""full_batch_gain"": 0.0012691020965576172, ""full_batch_harm"": -0.0024116653949022293, ""full_batch_harm_lcb"": -0.009456651769578456, ""full_batch_harm_se"": 0.0035943808034062386, ""full_batch_harm_ucb"": 0.004633320979773998, ""full_batch_safe"": true}}, ""guarded_best_reuse"": ""default"", ""num_adapters"": 1, ""pending_after"": false, ""pending_before"": true, ""policy_version"": ""cau_v1"", ""reason"": ""safe_existing_reuse"", ""utility"": {""batch_n"": 16, ""best_reuse"": ""default"", ""best_reuse_query_after"": 0.6675134599208832, ""best_reuse_utility"": -0.0014025568962097168, ""defer_utility"": 0.0, ""fold_a_fresh_utility"": -0.042648494243621826, ""fold_a_query_n"": 8, ""fold_a_support_n"": 8, ""fold_b_fresh_utility"": -0.022931039333343506, ""fold_b_query_n"": 8, ""fold_b_support_n"": 8, ""fresh_advantage"": -0.03138720989227295, ""fresh_local_trainability"": 0.021760374307632446, ""fresh_positive"": false, ""fresh_query_after"": 0.6989006698131561, ""fresh_query_before"": 0.7206610441207886, ""fresh_utility"": -0.032789766788482666, ""reuse_profiles"": {""default"": {""feasible_both"": true, ""fold_a_harm"": -0.002083294093608856, ""fold_a_lcb"": -0.00987717593088746, ""fold_a_query_after"": 0.6592402458190918, ""fold_a_utility"": -0.0032129883766174316, ""fold_b_harm"": -0.002706875093281269, ""fold_b_lcb"": -0.008628226211294531, ""fold_b_query_after"": 0.6757866740226746, ""fold_b_utility"": 0.00040787458419799805, ""harm_lcb_max"": -0.008628226211294531, ""harm_mean"": -0.0023950845934450626, ""harm_se_mean"": 0.0034987839171662927, ""harm_ucb_max"": 0.005710587743669748, ""local_trainability"": -0.0014025568962097168, ""query_after"": 0.6675134599208832, ""query_before"": 0.6661109030246735, ""system_utility"": -0.0014025568962097168}}, ""status"": ""ok"", ""statusquo_loss"": 0.6661109030246735}, ""utility_status"": ""ok""}"
13,B1,B,1,default,reuse,safe_existing_reuse,0.6748807430267334,1,True,147456,592130,0,67694596,739586,5916800,208,17.062994731590152,547802112,0.0,3.763295764103532,0.0,0.6694669127464294,-0.06024155020713806,0.002116084098815918,-0.06235763430595398,False,,"{""best_reuse"": ""default"", ""best_reuse_utility"": 0.002116084098815918, ""decision"": ""reuse"", ""fresh_advantage"": -0.06235763430595398, ""fresh_positive"": false, ""fresh_utility"": -0.06024155020713806, ""full_batch_guards"": {""default"": {""crossfit_feasible"": true, ""crossfit_utility"": 0.002116084098815918, ""crossfit_utility_positive"": true, ""full_batch_cur_after"": 0.6578456163406372, ""full_batch_cur_before"": 0.6694668531417847, ""full_batch_gain"": 0.011621236801147461, ""full_batch_harm"": -0.006451108492910862, ""full_batch_harm_lcb"": -0.015822383873164654, ""full_batch_harm_se"": 0.0047812629491090775, ""full_batch_harm_ucb"": 0.00292016688734293, ""full_batch_safe"": true}}, ""guarded_best_reuse"": ""default"", ""num_adapters"": 1, ""pending_after"": false, ""pending_before"": false, ""policy_version"": ""cau_v1"", ""reason"": ""safe_existing_reuse"", ""utility"": {""batch_n"": 16, ""best_reuse"": ""default"", ""best_reuse_query_after"": 0.6673508286476135, ""best_reuse_utility"": 0.002116084098815918, ""defer_utility"": 0.0, ""fold_a_fresh_utility"": -0.12598401308059692, ""fold_a_query_n"": 8, ""fold_a_support_n"": 8, ""fold_b_fresh_utility"": 0.005500912666320801, ""fold_b_query_n"": 8, ""fold_b_support_n"": 8, ""fresh_advantage"": -0.06235763430595398, ""fresh_local_trainability"": -0.04031220078468323, ""fresh_positive"": false, ""fresh_query_after"": 0.7297084629535675, ""fresh_query_before"": 0.6893962621688843, ""fresh_utility"": -0.06024155020713806, ""reuse_profiles"": {""default"": {""feasible_both"": true, ""fold_a_harm"": -0.006290823221206665, ""fold_a_lcb"": -0.016600247994065287, ""fold_a_query_after"": 0.6421825885772705, ""fold_a_utility"": -0.0071163177490234375, ""fold_b_harm"": -0.005110679194331169, ""fold_b_lcb"": -0.008827518471516669, ""fold_b_query_after"": 0.6925190687179565, ""fold_b_utility"": 0.011348485946655273, ""harm_lcb_max"": -0.008827518471516669, ""harm_mean"": -0.005700751207768917, ""harm_se_mean"": 0.0035781285841949284, ""harm_ucb_max"": 0.004018601551651955, ""local_trainability"": 0.002116084098815918, ""query_after"": 0.6673508286476135, ""query_before"": 0.6694669127464294, ""system_utility"": 0.002116084098815918}}, ""status"": ""ok"", ""statusquo_loss"": 0.6694669127464294}, ""utility_status"": ""ok""}"
14,B1,B,1,default,reuse,safe_existing_reuse,0.6599376201629639,1,True,147456,592130,0,67694596,739586,5916800,224,17.413542998954654,547802112,0.0,4.109779791906476,0.0,0.6549909710884094,-0.047343939542770386,0.001273125410079956,-0.04861706495285034,False,,"{""best_reuse"": ""default"", ""best_reuse_utility"": 0.001273125410079956, ""decision"": ""reuse"", ""fresh_advantage"": -0.04861706495285034, ""fresh_positive"": false, ""fresh_utility"": -0.047343939542770386, ""full_batch_guards"": {""default"": {""crossfit_feasible"": true, ""crossfit_utility"": 0.001273125410079956, ""crossfit_utility_positive"": true, ""full_batch_cur_after"": 0.6509573459625244, ""full_batch_cur_before"": 0.6549909114837646, ""full_batch_gain"": 0.004033565521240234, ""full_batch_harm"": -0.0005250051617622375, ""full_batch_harm_lcb"": -0.007585688084363937, ""full_batch_harm_se"": 0.003602389246225357, ""full_batch_harm_ucb"": 0.006535677760839462, ""full_batch_safe"": true}}, ""guarded_best_reuse"": ""default"", ""num_adapters"": 1, ""pending_after"": false, ""pending_before"": false, ""policy_version"": ""cau_v1"", ""reason"": ""safe_existing_reuse"", ""utility"": {""batch_n"": 16, ""best_reuse"": ""default"", ""best_reuse_query_after"": 0.6537178456783295, ""best_reuse_utility"": 0.001273125410079956, ""defer_utility"": 0.0, ""fold_a_fresh_utility"": -0.030537188053131104, ""fold_a_query_n"": 8, ""fold_a_support_n"": 8, ""fold_b_fresh_utility"": -0.06415069103240967, ""fold_b_query_n"": 8, ""fold_b_support_n"": 8, ""fresh_advantage"": -0.04861706495285034, ""fresh_local_trainability"": 0.007746011018753052, ""fresh_positive"": false, ""fresh_query_after"": 0.7023349106311798, ""fresh_query_before"": 0.7100809216499329, ""fresh_utility"": -0.047343939542770386, ""reuse_profiles"": {""default"": {""feasible_both"": true, ""fold_a_harm"": -0.0012684054672718048, ""fold_a_lcb"": -0.00720287567935884, ""fold_a_query_after"": 0.6640452742576599, ""fold_a_utility"": 0.0039847493171691895, ""fold_b_harm"": 0.0005275225266814232, ""fold_b_lcb"": -0.007607161868363618, ""fold_b_query_after"": 0.643390417098999, ""fold_b_utility"": -0.0014384984970092773, ""harm_lcb_max"": -0.00720287567935884, ""harm_mean"": -0.0003704414702951908, ""harm_se_mean"": 0.0035890700528398156, ""harm_ucb_max"": 0.008662206921726465, ""local_trainability"": 0.001273125410079956, ""query_after"": 0.6537178456783295, ""query_before"": 0.6549909710884094, ""system_utility"": 0.001273125410079956}}, ""status"": ""ok"", ""statusquo_loss"": 0.6549909710884094}, ""utility_status"": ""ok""}"
15,B1,B,1,default,reuse,safe_existing_reuse,0.6588567495346069,1,True,147456,592130,0,67694596,739586,5916800,240,17.769695410504937,547802112,0.0,4.461806628853083,0.0,0.6391072869300842,-0.05422711372375488,0.010390281677246094,-0.06461739540100098,False,,"{""best_reuse"": ""default"", ""best_reuse_utility"": 0.010390281677246094, ""decision"": ""reuse"", ""fresh_advantage"": -0.06461739540100098, ""fresh_positive"": false, ""fresh_utility"": -0.05422711372375488, ""full_batch_guards"": {""default"": {""crossfit_feasible"": true, ""crossfit_utility"": 0.010390281677246094, ""crossfit_utility_positive"": true, ""full_batch_cur_after"": 0.6244711875915527, ""full_batch_cur_before"": 0.6391072273254395, ""full_batch_gain"": 0.014636039733886719, ""full_batch_harm"": -0.0001888810656964779, ""full_batch_harm_lcb"": -0.009382287487387658, ""full_batch_harm_se"": 0.004690513480454683, ""full_batch_harm_ucb"": 0.009004525355994702, ""full_batch_safe"": true}}, ""guarded_best_reuse"": ""default"", ""num_adapters"": 1, ""pending_after"": false, ""pending_before"": false, ""policy_version"": ""cau_v1"", ""reason"": ""safe_existing_reuse"", ""utility"": {""batch_n"": 16, ""best_reuse"": ""default"", ""best_reuse_query_after"": 0.6287170052528381, ""best_reuse_utility"": 0.010390281677246094, ""defer_utility"": 0.0, ""fold_a_fresh_utility"": -0.06037724018096924, ""fold_a_query_n"": 8, ""fold_a_support_n"": 8, ""fold_b_fresh_utility"": -0.04807698726654053, ""fold_b_query_n"": 8, ""fold_b_support_n"": 8, ""fresh_advantage"": -0.06461739540100098, ""fresh_local_trainability"": -0.011890769004821777, ""fresh_positive"": false, ""fresh_query_after"": 0.6933344006538391, ""fresh_query_before"": 0.6814436316490173, ""fresh_utility"": -0.05422711372375488, ""reuse_profiles"": {""default"": {""feasible_both"": true, ""fold_a_harm"": 0.0001424858346581459, ""fold_a_lcb"": -0.009531846642494202, ""fold_a_query_after"": 0.6516743898391724, ""fold_a_utility"": 0.001552581787109375, ""fold_b_harm"": -0.0019623450934886932, ""fold_b_lcb"": -0.008040538020431996, ""fold_b_query_after"": 0.6057596206665039, ""fold_b_utility"": 0.019227981567382812, ""harm_lcb_max"": -0.008040538020431996, ""harm_mean"": -0.0009099296294152737, ""harm_se_mean"": 0.004018501378595829, ""harm_ucb_max"": 0.009816818311810494, ""local_trainability"": 0.010390281677246094, ""query_after"": 0.6287170052528381, ""query_before"": 0.6391072869300842, ""system_utility"": 0.010390281677246094}}, ""status"": ""ok"", ""statusquo_loss"": 0.6391072869300842}, ""utility_status"": ""ok""}"
16,B1,B,1,default,reuse,safe_existing_reuse,0.6713868975639343,1,True,147456,592130,0,67694596,739586,5916800,256,18.15294973179698,547802112,0.0,4.840914264321327,0.0,0.6679667830467224,-0.09926959872245789,-0.011045336723327637,-0.08822426199913025,False,,"{""best_reuse"": ""default"", ""best_reuse_utility"": -0.011045336723327637, ""decision"": ""reuse"", ""fresh_advantage"": -0.08822426199913025, ""fresh_positive"": false, ""fresh_utility"": -0.09926959872245789, ""full_batch_guards"": {""default"": {""crossfit_feasible"": true, ""crossfit_utility"": -0.011045336723327637, ""crossfit_utility_positive"": false, ""full_batch_cur_after"": 0.668473482131958, ""full_batch_cur_before"": 0.6679667830467224, ""full_batch_gain"": -0.0005066990852355957, ""full_batch_harm"": -0.0012135878205299377, ""full_batch_harm_lcb"": -0.0066103513259440656, ""full_batch_harm_se"": 0.002753450768068433, ""full_batch_harm_ucb"": 0.00418317568488419, ""full_batch_safe"": true}}, ""guarded_best_reuse"": ""default"", ""num_adapters"": 1, ""pending_after"": false, ""pending_before"": false, ""policy_version"": ""cau_v1"", ""reason"": ""safe_existing_reuse"", ""utility"": {""batch_n"": 16, ""best_reuse"": ""default"", ""best_reuse_query_after"": 0.67901211977005, ""best_reuse_utility"": -0.011045336723327637, ""defer_utility"": 0.0, ""fold_a_fresh_utility"": -0.14423924684524536, ""fold_a_query_n"": 8, ""fold_a_support_n"": 8, ""fold_b_fresh_utility"": -0.05429995059967041, ""fold_b_query_n"": 8, ""fold_b_support_n"": 8, ""fresh_advantage"": -0.08822426199913025, ""fresh_local_trainability"": -0.04576277732849121, ""fresh_positive"": false, ""fresh_query_after"": 0.7672363817691803, ""fresh_query_before"": 0.7214736044406891, ""fresh_utility"": -0.09926959872245789, ""reuse_profiles"": {""default"": {""feasible_both"": true, ""fold_a_harm"": 0.002430519089102745, ""fold_a_lcb"": -0.007940825726836919, ""fold_a_query_after"": 0.7035050392150879, ""fold_a_utility"": -0.028538107872009277, ""fold_b_harm"": -0.0016203713603317738, ""fold_b_lcb"": -0.006247380645945668, ""fold_b_query_after"": 0.6545192003250122, ""fold_b_utility"": 0.006447434425354004, ""harm_lcb_max"": -0.006247380645945668, ""harm_mean"": 0.00040507386438548565, ""harm_se_mean"": 0.0038261107401922345, ""harm_ucb_max"": 0.01280186390504241, ""local_trainability"": -0.011045336723327637, ""query_after"": 0.67901211977005, ""query_before"": 0.6679667830467224, ""system_utility"": -0.011045336723327637}}, ""status"": ""ok"", ""statusquo_loss"": 0.6679667830467224}, ""utility_status"": ""ok""}"
17,A1,A,1,default,reuse,safe_existing_reuse,0.6281625628471375,1,True,147456,592130,0,67694596,739586,5916800,272,19.062357306480408,547802112,0.0,5.206643756479025,0.5398892033845186,0.6300785541534424,-0.06449228525161743,0.001637190580368042,-0.06612947583198547,False,,"{""best_reuse"": ""default"", ""best_reuse_utility"": 0.001637190580368042, ""decision"": ""reuse"", ""fresh_advantage"": -0.06612947583198547, ""fresh_positive"": false, ""fresh_utility"": -0.06449228525161743, ""full_batch_guards"": {""default"": {""crossfit_feasible"": true, ""crossfit_utility"": 0.001637190580368042, ""crossfit_utility_positive"": true, ""full_batch_cur_after"": 0.6257047057151794, ""full_batch_cur_before"": 0.6300784945487976, ""full_batch_gain"": 0.004373788833618164, ""full_batch_harm"": -0.00234163086861372, ""full_batch_harm_lcb"": -0.00565384297631681, ""full_batch_harm_se"": 0.001689904136583209, ""full_batch_harm_ucb"": 0.0009705812390893697, ""full_batch_safe"": true}}, ""guarded_best_reuse"": ""default"", ""num_adapters"": 1, ""pending_after"": false, ""pending_before"": false, ""policy_version"": ""cau_v1"", ""reason"": ""safe_existing_reuse"", ""utility"": {""batch_n"": 16, ""best_reuse"": ""default"", ""best_reuse_query_after"": 0.6284413635730743, ""best_reuse_utility"": 0.001637190580368042, ""defer_utility"": 0.0, ""fold_a_fresh_utility"": -0.08737313747406006, ""fold_a_query_n"": 8, ""fold_a_support_n"": 8, ""fold_b_fresh_utility"": -0.041611433029174805, ""fold_b_query_n"": 8, ""fold_b_support_n"": 8, ""fresh_advantage"": -0.06612947583198547, ""fresh_local_trainability"": 0.005273759365081787, ""fresh_positive"": false, ""fresh_query_after"": 0.6945708394050598, ""fresh_query_before"": 0.6998445987701416, ""fresh_utility"": -0.06449228525161743, ""reuse_profiles"": {""default"": {""feasible_both"": true, ""fold_a_harm"": -0.0009114574640989304, ""fold_a_lcb"": -0.005337413484230637, ""fold_a_query_after"": 0.6092429161071777, ""fold_a_utility"": 0.0009107589721679688, ""fold_b_harm"": -0.0028548911213874817, ""fold_b_lcb"": -0.005346873719245195, ""fold_b_query_after"": 0.647639811038971, ""fold_b_utility"": 0.0023636221885681152, ""harm_lcb_max"": -0.005337413484230637, ""harm_mean"": -0.001883174292743206, ""harm_se_mean"": 0.0017647802596911788, ""harm_ucb_max"": 0.0035144985560327767, ""local_trainability"": 0.001637190580368042, ""query_after"": 0.6284413635730743, ""query_before"": 0.6300785541534424, ""system_utility"": 0.001637190580368042}}, ""status"": ""ok"", ""statusquo_loss"": 0.6300785541534424}, ""utility_status"": ""ok""}"
18,A1,A,1,default,reuse,safe_existing_reuse,0.6900058388710022,1,True,147456,592130,0,67694596,739586,5916800,288,19.443772323429585,547802112,0.0,5.583946147933602,0.5398892033845186,0.6654583513736725,-0.056590646505355835,-0.001705169677734375,-0.05488547682762146,False,,"{""best_reuse"": ""default"", ""best_reuse_utility"": -0.001705169677734375, ""decision"": ""reuse"", ""fresh_advantage"": -0.05488547682762146, ""fresh_positive"": false, ""fresh_utility"": -0.056590646505355835, ""full_batch_guards"": {""default"": {""crossfit_feasible"": true, ""crossfit_utility"": -0.001705169677734375, ""crossfit_utility_positive"": false, ""full_batch_cur_after"": 0.6607180237770081, ""full_batch_cur_before"": 0.6654583811759949, ""full_batch_gain"": 0.004740357398986816, ""full_batch_harm"": -0.0021445592865347862, ""full_batch_harm_lcb"": -0.006592804715037346, ""full_batch_harm_se"": 0.0022695129737257957, ""full_batch_harm_ucb"": 0.0023036861419677736, ""full_batch_safe"": true}}, ""guarded_best_reuse"": ""default"", ""num_adapters"": 1, ""pending_after"": false, ""pending_before"": false, ""policy_version"": ""cau_v1"", ""reason"": ""safe_existing_reuse"", ""utility"": {""batch_n"": 16, ""best_reuse"": ""default"", ""best_reuse_query_after"": 0.6671635210514069, ""best_reuse_utility"": -0.001705169677734375, ""defer_utility"": 0.0, ""fold_a_fresh_utility"": -0.05781632661819458, ""fold_a_query_n"": 8, ""fold_a_support_n"": 8, ""fold_b_fresh_utility"": -0.05536496639251709, ""fold_b_query_n"": 8, ""fold_b_support_n"": 8, ""fresh_advantage"": -0.05488547682762146, ""fresh_local_trainability"": -0.035988032817840576, ""fresh_positive"": false, ""fresh_query_after"": 0.7220489978790283, ""fresh_query_before"": 0.6860609650611877, ""fresh_utility"": -0.056590646505355835, ""reuse_profiles"": {""default"": {""feasible_both"": true, ""fold_a_harm"": -0.0013216054067015648, ""fold_a_lcb"": -0.007207740601152182, ""fold_a_query_after"": 0.7070133686065674, ""fold_a_utility"": -0.004262804985046387, ""fold_b_harm"": -0.003968661185353994, ""fold_b_lcb"": -0.005465962449088693, ""fold_b_query_after"": 0.6273136734962463, ""fold_b_utility"": 0.0008524656295776367, ""harm_lcb_max"": -0.005465962449088693, ""harm_mean"": -0.0026451332960277796, ""harm_se_mean"": 0.0018835297087207437, ""harm_ucb_max"": 0.004564529787749052, ""local_trainability"": -0.001705169677734375, ""query_after"": 0.6671635210514069, ""query_before"": 0.6654583513736725, ""system_utility"": -0.001705169677734375}}, ""status"": ""ok"", ""statusquo_loss"": 0.6654583513736725}, ""utility_status"": ""ok""}"
19,A1,A,1,default,reuse,safe_existing_reuse,0.613131046295166,1,True,147456,592130,0,67694596,739586,5916800,304,19.837431479245424,547802112,0.0,5.973378531634808,0.5398892033845186,0.621068149805069,-0.07142850756645203,0.0016520321369171143,-0.07308053970336914,False,,"{""best_reuse"": ""default"", ""best_reuse_utility"": 0.0016520321369171143, ""decision"": ""reuse"", ""fresh_advantage"": -0.07308053970336914, ""fresh_positive"": false, ""fresh_utility"": -0.07142850756645203, ""full_batch_guards"": {""default"": {""crossfit_feasible"": true, ""crossfit_utility"": 0.0016520321369171143, ""crossfit_utility_positive"": true, ""full_batch_cur_after"": 0.6161599159240723, ""full_batch_cur_before"": 0.6210681200027466, ""full_batch_gain"": 0.004908204078674316, ""full_batch_harm"": -0.0031247930601239204, ""full_batch_harm_lcb"": -0.005610176636837423, ""full_batch_harm_se"": 0.001268052845261991, ""full_batch_harm_ucb"": -0.0006394094834104181, ""full_batch_safe"": true}}, ""guarded_best_reuse"": ""default"", ""num_adapters"": 1, ""pending_after"": false, ""pending_before"": false, ""policy_version"": ""cau_v1"", ""reason"": ""safe_existing_reuse"", ""utility"": {""batch_n"": 16, ""best_reuse"": ""default"", ""best_reuse_query_after"": 0.6194161176681519, ""best_reuse_utility"": 0.0016520321369171143, ""defer_utility"": 0.0, ""fold_a_fresh_utility"": -0.08219414949417114, ""fold_a_query_n"": 8, ""fold_a_support_n"": 8, ""fold_b_fresh_utility"": -0.06066286563873291, ""fold_b_query_n"": 8, ""fold_b_support_n"": 8, ""fresh_advantage"": -0.07308053970336914, ""fresh_local_trainability"": 0.0077745914459228516, ""fresh_positive"": false, ""fresh_query_after"": 0.692496657371521, ""fresh_query_before"": 0.7002712488174438, ""fresh_utility"": -0.07142850756645203, ""reuse_profiles"": {""default"": {""feasible_both"": true, ""fold_a_harm"": -0.0032514575868844986, ""fold_a_lcb"": -0.005193814123049379, ""fold_a_query_after"": 0.5928847789764404, ""fold_a_utility"": 0.0032431483268737793, ""fold_b_harm"": -0.002413161564618349, ""fold_b_lcb"": -0.0062037685932591555, ""fold_b_query_after"": 0.6459474563598633, ""fold_b_utility"": 6.091594696044922e-05, ""harm_lcb_max"": -0.005193814123049379, ""harm_mean"": -0.002832309575751424, ""harm_se_mean"": 0.001462490705307573, ""harm_ucb_max"": 0.0013774454640224573, ""local_trainability"": 0.0016520321369171143, ""query_after"": 0.6194161176681519, ""query_before"": 0.621068149805069, ""system_utility"": 0.0016520321369171143}}, ""status"": ""ok"", ""statusquo_loss"": 0.621068149805069}, ""utility_status"": ""ok""}"
20,A1,A,1,default,reuse,safe_existing_reuse,0.6304887533187866,1,True,147456,592130,0,67694596,739586,5916800,320,20.231494450941682,547802112,0.0,6.362801583483815,0.5398892033845186,0.6090045273303986,-0.1142459511756897,0.0014059245586395264,-0.11565187573432922,False,,"{""best_reuse"": ""default"", ""best_reuse_utility"": 0.0014059245586395264, ""decision"": ""reuse"", ""fresh_advantage"": -0.11565187573432922, ""fresh_positive"": false, ""fresh_utility"": -0.1142459511756897, ""full_batch_guards"": {""default"": {""crossfit_feasible"": true, ""crossfit_utility"": 0.0014059245586395264, ""crossfit_utility_positive"": true, ""full_batch_cur_after"": 0.6007062196731567, ""full_batch_cur_before"": 0.6090044975280762, ""full_batch_gain"": 0.008298277854919434, ""full_batch_harm"": -0.003197041805833578, ""full_batch_harm_lcb"": -0.006225548940710724, ""full_batch_harm_se"": 0.0015451567014679313, ""full_batch_harm_ucb"": -0.0001685346709564329, ""full_batch_safe"": true}}, ""guarded_best_reuse"": ""default"", ""num_adapters"": 1, ""pending_after"": false, ""pending_before"": false, ""policy_version"": ""cau_v1"", ""reason"": ""safe_existing_reuse"", ""utility"": {""batch_n"": 16, ""best_reuse"": ""default"", ""best_reuse_query_after"": 0.607598602771759, ""best_reuse_utility"": 0.0014059245586395264, ""defer_utility"": 0.0, ""fold_a_fresh_utility"": -0.121490478515625, ""fold_a_query_n"": 8, ""fold_a_support_n"": 8, ""fold_b_fresh_utility"": -0.1070014238357544, ""fold_b_query_n"": 8, ""fold_b_support_n"": 8, ""fresh_advantage"": -0.11565187573432922, ""fresh_local_trainability"": -0.03902736306190491, ""fresh_positive"": false, ""fresh_query_after"": 0.7232504785060883, ""fresh_query_before"": 0.6842231154441833, ""fresh_utility"": -0.1142459511756897, ""reuse_profiles"": {""default"": {""feasible_both"": true, ""fold_a_harm"": -0.0020699831657111645, ""fold_a_lcb"": -0.007030380722135306, ""fold_a_query_after"": 0.6320480108261108, ""fold_a_utility"": 0.00019311904907226562, ""fold_b_harm"": -0.004047652706503868, ""fold_b_lcb"": -0.006295375688932836, ""fold_b_query_after"": 0.5831491947174072, ""fold_b_utility"": 0.002618730068206787, ""harm_lcb_max"": -0.006295375688932836, ""harm_mean"": -0.0030588179361075163, ""harm_se_mean"": 0.0018388062599115074, ""harm_ucb_max"": 0.0028904143907129767, ""local_trainability"": 0.0014059245586395264, ""query_after"": 0.607598602771759, ""query_before"": 0.6090045273303986, ""system_utility"": 0.0014059245586395264}}, ""status"": ""ok"", ""statusquo_loss"": 0.6090045273303986}, ""utility_status"": ""ok""}"
21,A1,A,1,default,reuse,safe_existing_reuse,0.6439133882522583,1,True,147456,592130,0,67694596,739586,5916800,336,20.612670039758086,547802112,0.0,6.739824527874589,0.5398892033845186,0.6495552062988281,-0.022625386714935303,0.006444871425628662,-0.029070258140563965,False,,"{""best_reuse"": ""default"", ""best_reuse_utility"": 0.006444871425628662, ""decision"": ""reuse"", ""fresh_advantage"": -0.029070258140563965, ""fresh_positive"": false, ""fresh_utility"": -0.022625386714935303, ""full_batch_guards"": {""default"": {""crossfit_feasible"": true, ""crossfit_utility"": 0.006444871425628662, ""crossfit_utility_positive"": true, ""full_batch_cur_after"": 0.6407275795936584, ""full_batch_cur_before"": 0.6495552062988281, ""full_batch_gain"": 0.008827626705169678, ""full_batch_harm"": -0.0032348548993468285, ""full_batch_harm_lcb"": -0.008779317736625672, ""full_batch_harm_se"": 0.002828807570040226, ""full_batch_harm_ucb"": 0.002309607937932014, ""full_batch_safe"": true}}, ""guarded_best_reuse"": ""default"", ""num_adapters"": 1, ""pending_after"": false, ""pending_before"": false, ""policy_version"": ""cau_v1"", ""reason"": ""safe_existing_reuse"", ""utility"": {""batch_n"": 16, ""best_reuse"": ""default"", ""best_reuse_query_after"": 0.6431103348731995, ""best_reuse_utility"": 0.006444871425628662, ""defer_utility"": 0.0, ""fold_a_fresh_utility"": -0.0379338264465332, ""fold_a_query_n"": 8, ""fold_a_support_n"": 8, ""fold_b_fresh_utility"": -0.007316946983337402, ""fold_b_query_n"": 8, ""fold_b_support_n"": 8, ""fresh_advantage"": -0.029070258140563965, ""fresh_local_trainability"": 0.011023461818695068, ""fresh_positive"": false, ""fresh_query_after"": 0.6721805930137634, ""fresh_query_before"": 0.6832040548324585, ""fresh_utility"": -0.022625386714935303, ""reuse_profiles"": {""default"": {""feasible_both"": true, ""fold_a_harm"": -0.003198187332600355, ""fold_a_lcb"": -0.00839651153422892, ""fold_a_query_after"": 0.6201924085617065, ""fold_a_utility"": 0.008109211921691895, ""fold_b_harm"": -0.003459033090621233, ""fold_b_lcb"": -0.00830838929861784, ""fold_b_query_after"": 0.6660282611846924, ""fold_b_utility"": 0.00478053092956543, ""harm_lcb_max"": -0.00830838929861784, ""harm_mean"": -0.003328610211610794, ""harm_se_mean"": 0.0025631837779656053, ""harm_ucb_max"": 0.002000136869028211, ""local_trainability"": 0.006444871425628662, ""query_after"": 0.6431103348731995, ""query_before"": 0.6495552062988281, ""system_utility"": 0.006444871425628662}}, ""status"": ""ok"", ""statusquo_loss"": 0.6495552062988281}, ""utility_status"": ""ok""}"
22,A1,A,1,default,reuse,safe_existing_reuse,0.6388112306594849,1,True,147456,592130,0,67694596,739586,5916800,352,20.981425995007157,547802112,0.0,7.10424230620265,0.5398892033845186,0.6151908934116364,-0.11283436417579651,-0.00036323070526123047,-0.11247113347053528,False,,"{""best_reuse"": ""default"", ""best_reuse_utility"": -0.00036323070526123047, ""decision"": ""reuse"", ""fresh_advantage"": -0.11247113347053528, ""fresh_positive"": false, ""fresh_utility"": -0.11283436417579651, ""full_batch_guards"": {""default"": {""crossfit_feasible"": true, ""crossfit_utility"": -0.00036323070526123047, ""crossfit_utility_positive"": false, ""full_batch_cur_after"": 0.6081586480140686, ""full_batch_cur_before"": 0.615190863609314, ""full_batch_gain"": 0.007032215595245361, ""full_batch_harm"": -0.0025768126361072063, ""full_batch_harm_lcb"": -0.007778681749477982, ""full_batch_harm_se"": 0.0026540148537606, ""full_batch_harm_ucb"": 0.0026250564772635696, ""full_batch_safe"": true}}, ""guarded_best_reuse"": ""default"", ""num_adapters"": 1, ""pending_after"": false, ""pending_before"": false, ""policy_version"": ""cau_v1"", ""reason"": ""safe_existing_reuse"", ""utility"": {""batch_n"": 16, ""best_reuse"": ""default"", ""best_reuse_query_after"": 0.6155541241168976, ""best_reuse_utility"": -0.00036323070526123047, ""defer_utility"": 0.0, ""fold_a_fresh_utility"": -0.09303510189056396, ""fold_a_query_n"": 8, ""fold_a_support_n"": 8, ""fold_b_fresh_utility"": -0.13263362646102905, ""fold_b_query_n"": 8, ""fold_b_support_n"": 8, ""fresh_advantage"": -0.11247113347053528, ""fresh_local_trainability"": -0.03943228721618652, ""fresh_positive"": false, ""fresh_query_after"": 0.7280252575874329, ""fresh_query_before"": 0.6885929703712463, ""fresh_utility"": -0.11283436417579651, ""reuse_profiles"": {""default"": {""feasible_both"": true, ""fold_a_harm"": -0.0036191530525684357, ""fold_a_lcb"": -0.0063733066990971565, ""fold_a_query_after"": 0.5933813452720642, ""fold_a_utility"": 0.006256759166717529, ""fold_b_harm"": -0.0008752085268497467, ""fold_b_lcb"": -0.008810570128262044, ""fold_b_query_after"": 0.637726902961731, ""fold_b_utility"": -0.00698322057723999, ""harm_lcb_max"": -0.0063733066990971565, ""harm_mean"": -0.002247180789709091, ""harm_se_mean"": 0.002726917155086994, ""harm_ucb_max"": 0.00706015307456255, ""local_trainability"": -0.00036323070526123047, ""query_after"": 0.6155541241168976, ""query_before"": 0.6151908934116364, ""system_utility"": -0.00036323070526123047}}, ""status"": ""ok"", ""statusquo_loss"": 0.6151908934116364}, ""utility_status"": ""ok""}"
23,A1,A,1,default,reuse,safe_existing_reuse,0.6337569952011108,1,True,147456,592130,0,67694596,739586,5916800,368,21.3555919919163,547802112,0.0,7.47406692057848,0.5398892033845186,0.6337097883224487,-0.053609758615493774,0.004536032676696777,-0.05814579129219055,False,,"{""best_reuse"": ""default"", ""best_reuse_utility"": 0.004536032676696777, ""decision"": ""reuse"", ""fresh_advantage"": -0.05814579129219055, ""fresh_positive"": false, ""fresh_utility"": -0.053609758615493774, ""full_batch_guards"": {""default"": {""crossfit_feasible"": true, ""crossfit_utility"": 0.004536032676696777, ""crossfit_utility_positive"": true, ""full_batch_cur_after"": 0.6274313926696777, ""full_batch_cur_before"": 0.6337097883224487, ""full_batch_gain"": 0.006278395652770996, ""full_batch_harm"": -0.0044661397114396095, ""full_batch_harm_lcb"": -0.006547208032570779, ""full_batch_harm_se"": 0.0010617695515975356, ""full_batch_harm_ucb"": -0.00238507139030844, ""full_batch_safe"": true}}, ""guarded_best_reuse"": ""default"", ""num_adapters"": 1, ""pending_after"": false, ""pending_before"": false, ""policy_version"": ""cau_v1"", ""reason"": ""safe_existing_reuse"", ""utility"": {""batch_n"": 16, ""best_reuse"": ""default"", ""best_reuse_query_after"": 0.629173755645752, ""best_reuse_utility"": 0.004536032676696777, ""defer_utility"": 0.0, ""fold_a_fresh_utility"": -0.043958067893981934, ""fold_a_query_n"": 8, ""fold_a_support_n"": 8, ""fold_b_fresh_utility"": -0.06326144933700562, ""fold_b_query_n"": 8, ""fold_b_support_n"": 8, ""fresh_advantage"": -0.05814579129219055, ""fresh_local_trainability"": 0.027485191822052002, ""fresh_positive"": false, ""fresh_query_after"": 0.6873195469379425, ""fresh_query_before"": 0.7148047387599945, ""fresh_utility"": -0.053609758615493774, ""reuse_profiles"": {""default"": {""feasible_both"": true, ""fold_a_harm"": -0.004295826889574528, ""fold_a_lcb"": -0.0063019687915220855, ""fold_a_query_after"": 0.6370902061462402, ""fold_a_utility"": 0.004232883453369141, ""fold_b_harm"": -0.004450153559446335, ""fold_b_lcb"": -0.006575936232693494, ""fold_b_query_after"": 0.6212573051452637, ""fold_b_utility"": 0.004839181900024414, ""harm_lcb_max"": -0.0063019687915220855, ""harm_mean"": -0.004372990224510431, ""harm_se_mean"": 0.0010540623916313052, ""harm_ucb_max"": -0.00228968498762697, ""local_trainability"": 0.004536032676696777, ""query_after"": 0.629173755645752, ""query_before"": 0.6337097883224487, ""system_utility"": 0.004536032676696777}}, ""status"": ""ok"", ""statusquo_loss"": 0.6337097883224487}, ""utility_status"": ""ok""}"
24,A1,A,1,default,reuse,safe_existing_reuse,0.5323046445846558,1,True,147456,592130,0,67694596,739586,5916800,384,21.73441836796701,547802112,0.0,7.8486034367233515,0.5398892033845186,0.5467767417430878,-0.08125311136245728,0.011910945177078247,-0.09316405653953552,False,,"{""best_reuse"": ""default"", ""best_reuse_utility"": 0.011910945177078247, ""decision"": ""reuse"", ""fresh_advantage"": -0.09316405653953552, ""fresh_positive"": false, ""fresh_utility"": -0.08125311136245728, ""full_batch_guards"": {""default"": {""crossfit_feasible"": true, ""crossfit_utility"": 0.011910945177078247, ""crossfit_utility_positive"": true, ""full_batch_cur_after"": 0.5319187045097351, ""full_batch_cur_before"": 0.5467767715454102, ""full_batch_gain"": 0.014858067035675049, ""full_batch_harm"": -0.002550038043409586, ""full_batch_harm_lcb"": -0.007469184473156929, ""full_batch_harm_se"": 0.0025097685866057873, ""full_batch_harm_ucb"": 0.002369108386337757, ""full_batch_safe"": true}}, ""guarded_best_reuse"": ""default"", ""num_adapters"": 1, ""pending_after"": false, ""pending_before"": false, ""policy_version"": ""cau_v1"", ""reason"": ""safe_existing_reuse"", ""utility"": {""batch_n"": 16, ""best_reuse"": ""default"", ""best_reuse_query_after"": 0.5348657965660095, ""best_reuse_utility"": 0.011910945177078247, ""defer_utility"": 0.0, ""fold_a_fresh_utility"": -0.09745585918426514, ""fold_a_query_n"": 8, ""fold_a_support_n"": 8, ""fold_b_fresh_utility"": -0.06505036354064941, ""fold_b_query_n"": 8, ""fold_b_support_n"": 8, ""fresh_advantage"": -0.09316405653953552, ""fresh_local_trainability"": 0.031913936138153076, ""fresh_positive"": false, ""fresh_query_after"": 0.628029853105545, ""fresh_query_before"": 0.6599437892436981, ""fresh_utility"": -0.08125311136245728, ""reuse_profiles"": {""default"": {""feasible_both"": true, ""fold_a_harm"": -0.002190191298723221, ""fold_a_lcb"": -0.007234696540981531, ""fold_a_query_after"": 0.5621304512023926, ""fold_a_utility"": 0.009056568145751953, ""fold_b_harm"": -0.0036164983175694942, ""fold_b_lcb"": -0.007268937299959362, ""fold_b_query_after"": 0.5076011419296265, ""fold_b_utility"": 0.014765322208404541, ""harm_lcb_max"": -0.007234696540981531, ""harm_mean"": -0.0029033448081463575, ""harm_se_mean"": 0.0022186082205735147, ""harm_ucb_max"": 0.0028543139435350893, ""local_trainability"": 0.011910945177078247, ""query_after"": 0.5348657965660095, ""query_before"": 0.5467767417430878, ""system_utility"": 0.011910945177078247}}, ""status"": ""ok"", ""statusquo_loss"": 0.5467767417430878}, ""utility_status"": ""ok""}"
25,A1,A,1,default,reuse,safe_existing_reuse,0.6092923879623413,1,True,147456,592130,0,67694596,739586,5916800,400,22.102951167151332,547802112,0.0,8.212697772309184,0.5398892033845186,0.599272221326828,-0.151147723197937,-0.0005788803100585938,-0.15056884288787842,False,,"{""best_reuse"": ""default"", ""best_reuse_utility"": -0.0005788803100585938, ""decision"": ""reuse"", ""fresh_advantage"": -0.15056884288787842, ""fresh_positive"": false, ""fresh_utility"": -0.151147723197937, ""full_batch_guards"": {""default"": {""crossfit_feasible"": true, ""crossfit_utility"": -0.0005788803100585938, ""crossfit_utility_positive"": false, ""full_batch_cur_after"": 0.5912719368934631, ""full_batch_cur_before"": 0.5992722511291504, ""full_batch_gain"": 0.008000314235687256, ""full_batch_harm"": -0.003957371227443218, ""full_batch_harm_lcb"": -0.007535274652764201, ""full_batch_harm_se"": 0.0018254609312862158, ""full_batch_harm_ucb"": -0.00037946780212223547, ""full_batch_safe"": true}}, ""guarded_best_reuse"": ""default"", ""num_adapters"": 1, ""pending_after"": false, ""pending_before"": false, ""policy_version"": ""cau_v1"", ""reason"": ""safe_existing_reuse"", ""utility"": {""batch_n"": 16, ""best_reuse"": ""default"", ""best_reuse_query_after"": 0.5998511016368866, ""best_reuse_utility"": -0.0005788803100585938, ""defer_utility"": 0.0, ""fold_a_fresh_utility"": -0.10722672939300537, ""fold_a_query_n"": 8, ""fold_a_support_n"": 8, ""fold_b_fresh_utility"": -0.19506871700286865, ""fold_b_query_n"": 8, ""fold_b_support_n"": 8, ""fresh_advantage"": -0.15056884288787842, ""fresh_local_trainability"": -0.05443325638771057, ""fresh_positive"": false, ""fresh_query_after"": 0.750419944524765, ""fresh_query_before"": 0.6959866881370544, ""fresh_utility"": -0.151147723197937, ""reuse_profiles"": {""default"": {""feasible_both"": true, ""fold_a_harm"": -0.00047324085608124733, ""fold_a_lcb"": -0.008074260419234633, ""fold_a_query_after"": 0.7026634812355042, ""fold_a_utility"": -0.008990228176116943, ""fold_b_harm"": -0.004692575428634882, ""fold_b_lcb"": -0.006879646331071854, ""fold_b_query_after"": 0.49703872203826904, ""fold_b_utility"": 0.007832467555999756, ""harm_lcb_max"": -0.006879646331071854, ""harm_mean"": -0.0025829081423580647, ""harm_se_mean"": 0.002496961853466928, ""harm_ucb_max"": 0.007127778707072138, ""local_trainability"": -0.0005788803100585938, ""query_after"": 0.5998511016368866, ""query_before"": 0.599272221326828, ""system_utility"": -0.0005788803100585938}}, ""status"": ""ok"", ""statusquo_loss"": 0.599272221326828}, ""utility_status"": ""ok""}"
26,A1,A,1,default,reuse,safe_existing_reuse,0.5694065690040588,1,True,147456,592130,0,67694596,739586,5916800,416,22.486342638731003,547802112,0.0,8.590803664177656,0.5398892033845186,0.5623636245727539,-0.1636049747467041,0.004557788372039795,-0.1681627631187439,False,,"{""best_reuse"": ""default"", ""best_reuse_utility"": 0.004557788372039795, ""decision"": ""reuse"", ""fresh_advantage"": -0.1681627631187439, ""fresh_positive"": false, ""fresh_utility"": -0.1636049747467041, ""full_batch_guards"": {""default"": {""crossfit_feasible"": true, ""crossfit_utility"": 0.004557788372039795, ""crossfit_utility_positive"": true, ""full_batch_cur_after"": 0.5490702390670776, ""full_batch_cur_before"": 0.5623636245727539, ""full_batch_gain"": 0.01329338550567627, ""full_batch_harm"": -0.0065088216215372086, ""full_batch_harm_lcb"": -0.009063432971015573, ""full_batch_harm_se"": 0.0013033731374889612, ""full_batch_harm_ucb"": -0.003954210272058845, ""full_batch_safe"": true}}, ""guarded_best_reuse"": ""default"", ""num_adapters"": 1, ""pending_after"": false, ""pending_before"": false, ""policy_version"": ""cau_v1"", ""reason"": ""safe_existing_reuse"", ""utility"": {""batch_n"": 16, ""best_reuse"": ""default"", ""best_reuse_query_after"": 0.5578058362007141, ""best_reuse_utility"": 0.004557788372039795, ""defer_utility"": 0.0, ""fold_a_fresh_utility"": -0.1968737244606018, ""fold_a_query_n"": 8, ""fold_a_support_n"": 8, ""fold_b_fresh_utility"": -0.1303362250328064, ""fold_b_query_n"": 8, ""fold_b_support_n"": 8, ""fresh_advantage"": -0.1681627631187439, ""fresh_local_trainability"": -0.024140506982803345, ""fresh_positive"": false, ""fresh_query_after"": 0.725968599319458, ""fresh_query_before"": 0.7018280923366547, ""fresh_utility"": -0.1636049747467041, ""reuse_profiles"": {""default"": {""feasible_both"": true, ""fold_a_harm"": -0.0027902000583708286, ""fold_a_lcb"": -0.007484666258096695, ""fold_a_query_after"": 0.5569428205490112, ""fold_a_utility"": 0.005522727966308594, ""fold_b_harm"": -0.006357758305966854, ""fold_b_lcb"": -0.008865581885911524, ""fold_b_query_after"": 0.558668851852417, ""fold_b_utility"": 0.003592848777770996, ""harm_lcb_max"": -0.007484666258096695, ""harm_mean"": -0.004573979182168841, ""harm_se_mean"": 0.0018373188213445246, ""harm_ucb_max"": 0.0019042661413550379, ""local_trainability"": 0.004557788372039795, ""query_after"": 0.5578058362007141, ""query_before"": 0.5623636245727539, ""system_utility"": 0.004557788372039795}}, ""status"": ""ok"", ""statusquo_loss"": 0.5623636245727539}, ""utility_status"": ""ok""}"
27,A1,A,1,default,reuse,safe_existing_reuse,0.6568496227264404,1,True,147456,592130,0,67694596,739586,5916800,432,22.87929045408964,547802112,0.0,8.979304164648056,0.5398892033845186,0.6726241111755371,-0.030955225229263306,0.007193177938461304,-0.03814840316772461,False,,"{""best_reuse"": ""default"", ""best_reuse_utility"": 0.007193177938461304, ""decision"": ""reuse"", ""fresh_advantage"": -0.03814840316772461, ""fresh_positive"": false, ""fresh_utility"": -0.030955225229263306, ""full_batch_guards"": {""default"": {""crossfit_feasible"": true, ""crossfit_utility"": 0.007193177938461304, ""crossfit_utility_positive"": true, ""full_batch_cur_after"": 0.6613156795501709, ""full_batch_cur_before"": 0.6726240515708923, ""full_batch_gain"": 0.011308372020721436, ""full_batch_harm"": -0.00794803723692894, ""full_batch_harm_lcb"": -0.01165872859302908, ""full_batch_harm_se"": 0.001893209875561297, ""full_batch_harm_ucb"": -0.004237345880828798, ""full_batch_safe"": true}}, ""guarded_best_reuse"": ""default"", ""num_adapters"": 1, ""pending_after"": false, ""pending_before"": false, ""policy_version"": ""cau_v1"", ""reason"": ""safe_existing_reuse"", ""utility"": {""batch_n"": 16, ""best_reuse"": ""default"", ""best_reuse_query_after"": 0.6654309332370758, ""best_reuse_utility"": 0.007193177938461304, ""defer_utility"": 0.0, ""fold_a_fresh_utility"": -0.06475329399108887, ""fold_a_query_n"": 8, ""fold_a_support_n"": 8, ""fold_b_fresh_utility"": 0.002842843532562256, ""fold_b_query_n"": 8, ""fold_b_support_n"": 8, ""fresh_advantage"": -0.03814840316772461, ""fresh_local_trainability"": 0.006981313228607178, ""fresh_positive"": false, ""fresh_query_after"": 0.7035793364048004, ""fresh_query_before"": 0.7105606496334076, ""fresh_utility"": -0.030955225229263306, ""reuse_profiles"": {""default"": {""feasible_both"": true, ""fold_a_harm"": -0.007863719016313553, ""fold_a_lcb"": -0.011824618484824896, ""fold_a_query_after"": 0.6333667039871216, ""fold_a_utility"": 0.007663547992706299, ""fold_b_harm"": -0.00734754791483283, ""fold_b_lcb"": -0.010383948958478868, ""fold_b_query_after"": 0.69749516248703, ""fold_b_utility"": 0.006722807884216309, ""harm_lcb_max"": -0.010383948958478868, ""harm_mean"": -0.007605633465573192, ""harm_se_mean"": 0.0017850256408564746, ""harm_ucb_max"": -0.00390281954780221, ""local_trainability"": 0.007193177938461304, ""query_after"": 0.6654309332370758, ""query_before"": 0.6726241111755371, ""system_utility"": 0.007193177938461304}}, ""status"": ""ok"", ""statusquo_loss"": 0.6726241111755371}, ""utility_status"": ""ok""}"
28,A1,A,1,default,reuse,safe_existing_reuse,0.6013935804367065,1,True,147456,592130,0,67694596,739586,5916800,448,23.267035635188222,547802112,0.0,9.3624257594347,0.5398892033845186,0.6051267683506012,-0.12012642621994019,0.006976991891860962,-0.12710341811180115,False,,"{""best_reuse"": ""default"", ""best_reuse_utility"": 0.006976991891860962, ""decision"": ""reuse"", ""fresh_advantage"": -0.12710341811180115, ""fresh_positive"": false, ""fresh_utility"": -0.12012642621994019, ""full_batch_guards"": {""default"": {""crossfit_feasible"": true, ""crossfit_utility"": 0.006976991891860962, ""crossfit_utility_positive"": true, ""full_batch_cur_after"": 0.5891456604003906, ""full_batch_cur_before"": 0.6051267981529236, ""full_batch_gain"": 0.01598113775253296, ""full_batch_harm"": -0.009415052831172943, ""full_batch_harm_lcb"": -0.015596279567107558, ""full_batch_harm_se"": 0.003153687110170722, ""full_batch_harm_ucb"": -0.003233826095238328, ""full_batch_safe"": true}}, ""guarded_best_reuse"": ""default"", ""num_adapters"": 1, ""pending_after"": false, ""pending_before"": false, ""policy_version"": ""cau_v1"", ""reason"": ""safe_existing_reuse"", ""utility"": {""batch_n"": 16, ""best_reuse"": ""default"", ""best_reuse_query_after"": 0.5981497764587402, ""best_reuse_utility"": 0.006976991891860962, ""defer_utility"": 0.0, ""fold_a_fresh_utility"": -0.1583605408668518, ""fold_a_query_n"": 8, ""fold_a_support_n"": 8, ""fold_b_fresh_utility"": -0.08189231157302856, ""fold_b_query_n"": 8, ""fold_b_support_n"": 8, ""fresh_advantage"": -0.12710341811180115, ""fresh_local_trainability"": -0.025738656520843506, ""fresh_positive"": false, ""fresh_query_after"": 0.7252531945705414, ""fresh_query_before"": 0.6995145380496979, ""fresh_utility"": -0.12012642621994019, ""reuse_profiles"": {""default"": {""feasible_both"": true, ""fold_a_harm"": -0.006423621904104948, ""fold_a_lcb"": -0.008962376527488231, ""fold_a_query_after"": 0.5797172784805298, ""fold_a_utility"": 0.013777434825897217, ""fold_b_harm"": -0.009435380809009075, ""fold_b_lcb"": -0.016433972101658582, ""fold_b_query_after"": 0.6165822744369507, ""fold_b_utility"": 0.00017654895782470703, ""harm_lcb_max"": -0.008962376527488231, ""harm_mean"": -0.007929501356557012, ""harm_se_mean"": 0.0024329964071512222, ""harm_ucb_max"": -0.002436789516359568, ""local_trainability"": 0.006976991891860962, ""query_after"": 0.5981497764587402, ""query_before"": 0.6051267683506012, ""system_utility"": 0.006976991891860962}}, ""status"": ""ok"", ""statusquo_loss"": 0.6051267683506012}, ""utility_status"": ""ok""}"
29,A1,A,1,default,reuse,safe_existing_reuse,0.620437741279602,1,True,147456,592130,0,67694596,739586,5916800,464,23.703460182994604,547802112,0.0,9.793577564880252,0.5398892033845186,0.6017812490463257,-0.09827786684036255,0.01913607120513916,-0.11741393804550171,False,,"{""best_reuse"": ""default"", ""best_reuse_utility"": 0.01913607120513916, ""decision"": ""reuse"", ""fresh_advantage"": -0.11741393804550171, ""fresh_positive"": false, ""fresh_utility"": -0.09827786684036255, ""full_batch_guards"": {""default"": {""crossfit_feasible"": true, ""crossfit_utility"": 0.01913607120513916, ""crossfit_utility_positive"": true, ""full_batch_cur_after"": 0.5803191661834717, ""full_batch_cur_before"": 0.6017812490463257, ""full_batch_gain"": 0.021462082862854004, ""full_batch_harm"": -0.010262362658977509, ""full_batch_harm_lcb"": -0.01918239377439022, ""full_batch_harm_se"": 0.004551036283373833, ""full_batch_harm_ucb"": -0.001342331543564796, ""full_batch_safe"": true}}, ""guarded_best_reuse"": ""default"", ""num_adapters"": 1, ""pending_after"": false, ""pending_before"": false, ""policy_version"": ""cau_v1"", ""reason"": ""safe_existing_reuse"", ""utility"": {""batch_n"": 16, ""best_reuse"": ""default"", ""best_reuse_query_after"": 0.5826451778411865, ""best_reuse_utility"": 0.01913607120513916, ""defer_utility"": 0.0, ""fold_a_fresh_utility"": -0.10387557744979858, ""fold_a_query_n"": 8, ""fold_a_support_n"": 8, ""fold_b_fresh_utility"": -0.09268015623092651, ""fold_b_query_n"": 8, ""fold_b_support_n"": 8, ""fresh_advantage"": -0.11741393804550171, ""fresh_local_trainability"": 0.021793127059936523, ""fresh_positive"": false, ""fresh_query_after"": 0.7000591158866882, ""fresh_query_before"": 0.7218522429466248, ""fresh_utility"": -0.09827786684036255, ""reuse_profiles"": {""default"": {""feasible_both"": true, ""fold_a_harm"": -0.010074845515191555, ""fold_a_lcb"": -0.018273279909044503, ""fold_a_query_after"": 0.5790547132492065, ""fold_a_utility"": 0.02104640007019043, ""fold_b_harm"": -0.010114023461937904, ""fold_b_lcb"": -0.018867120631039142, ""fold_b_query_after"": 0.5862356424331665, ""fold_b_utility"": 0.01722574234008789, ""harm_lcb_max"": -0.018273279909044503, ""harm_mean"": -0.01009443448856473, ""harm_se_mean"": 0.004324370296671987, ""harm_ucb_max"": -0.0013609262928366665, ""local_trainability"": 0.01913607120513916, ""query_after"": 0.5826451778411865, ""query_before"": 0.6017812490463257, ""system_utility"": 0.01913607120513916}}, ""status"": ""ok"", ""statusquo_loss"": 0.6017812490463257}, ""utility_status"": ""ok""}"
30,A1,A,1,default,reuse,safe_existing_reuse,0.58343505859375,1,True,147456,592130,0,67694596,739586,5916800,480,24.095854997634888,547802112,0.0,10.180013412609696,0.5398892033845186,0.5798029601573944,-0.10901114344596863,0.017445653676986694,-0.12645679712295532,False,,"{""best_reuse"": ""default"", ""best_reuse_utility"": 0.017445653676986694, ""decision"": ""reuse"", ""fresh_advantage"": -0.12645679712295532, ""fresh_positive"": false, ""fresh_utility"": -0.10901114344596863, ""full_batch_guards"": {""default"": {""crossfit_feasible"": true, ""crossfit_utility"": 0.017445653676986694, ""crossfit_utility_positive"": true, ""full_batch_cur_after"": 0.559342622756958, ""full_batch_cur_before"": 0.579802930355072, ""full_batch_gain"": 0.020460307598114014, ""full_batch_harm"": -0.01237676851451397, ""full_batch_harm_lcb"": -0.02333505816757679, ""full_batch_harm_se"": 0.005590964108705521, ""full_batch_harm_ucb"": -0.001418478861451149, ""full_batch_safe"": true}}, ""guarded_best_reuse"": ""default"", ""num_adapters"": 1, ""pending_after"": false, ""pending_before"": false, ""policy_version"": ""cau_v1"", ""reason"": ""safe_existing_reuse"", ""utility"": {""batch_n"": 16, ""best_reuse"": ""default"", ""best_reuse_query_after"": 0.5623573064804077, ""best_reuse_utility"": 0.017445653676986694, ""defer_utility"": 0.0, ""fold_a_fresh_utility"": -0.10586315393447876, ""fold_a_query_n"": 8, ""fold_a_support_n"": 8, ""fold_b_fresh_utility"": -0.1121591329574585, ""fold_b_query_n"": 8, ""fold_b_support_n"": 8, ""fresh_advantage"": -0.12645679712295532, ""fresh_local_trainability"": 0.024280190467834473, ""fresh_positive"": false, ""fresh_query_after"": 0.688814103603363, ""fresh_query_before"": 0.7130942940711975, ""fresh_utility"": -0.10901114344596863, ""reuse_profiles"": {""default"": {""feasible_both"": true, ""fold_a_harm"": -0.012037312611937523, ""fold_a_lcb"": -0.021831023003906012, ""fold_a_query_after"": 0.5592455863952637, ""fold_a_utility"": 0.02017420530319214, ""fold_b_harm"": -0.01236649602651596, ""fold_b_lcb"": -0.02376707822084427, ""fold_b_query_after"": 0.5654690265655518, ""fold_b_utility"": 0.01471710205078125, ""harm_lcb_max"": -0.021831023003906012, ""harm_mean"": -0.012201904319226742, ""harm_se_mean"": 0.005406707292422652, ""harm_ucb_max"": -0.0009659138321876527, ""local_trainability"": 0.017445653676986694, ""query_after"": 0.5623573064804077, ""query_before"": 0.5798029601573944, ""system_utility"": 0.017445653676986694}}, ""status"": ""ok"", ""statusquo_loss"": 0.5798029601573944}, ""utility_status"": ""ok""}"
31,A1,A,1,default,reuse,safe_existing_reuse,0.5349931716918945,1,True,147456,592130,0,67694596,739586,5916800,496,24.527428587898612,547802112,0.0,10.606654152274132,0.5398892033845186,0.5083177089691162,-0.17939534783363342,0.009070798754692078,-0.1884661465883255,False,,"{""best_reuse"": ""default"", ""best_reuse_utility"": 0.009070798754692078, ""decision"": ""reuse"", ""fresh_advantage"": -0.1884661465883255, ""fresh_positive"": false, ""fresh_utility"": -0.17939534783363342, ""full_batch_guards"": {""default"": {""crossfit_feasible"": true, ""crossfit_utility"": 0.009070798754692078, ""crossfit_utility_positive"": true, ""full_batch_cur_after"": 0.49496304988861084, ""full_batch_cur_before"": 0.5083177089691162, ""full_batch_gain"": 0.013354659080505371, ""full_batch_harm"": -0.011160383000969887, ""full_batch_harm_lcb"": -0.01935967806726694, ""full_batch_harm_se"": 0.004183313809335232, ""full_batch_harm_ucb"": -0.0029610879346728333, ""full_batch_safe"": true}}, ""guarded_best_reuse"": ""default"", ""num_adapters"": 1, ""pending_after"": false, ""pending_before"": false, ""policy_version"": ""cau_v1"", ""reason"": ""safe_existing_reuse"", ""utility"": {""batch_n"": 16, ""best_reuse"": ""default"", ""best_reuse_query_after"": 0.49924691021442413, ""best_reuse_utility"": 0.009070798754692078, ""defer_utility"": 0.0, ""fold_a_fresh_utility"": -0.16157996654510498, ""fold_a_query_n"": 8, ""fold_a_support_n"": 8, ""fold_b_fresh_utility"": -0.19721072912216187, ""fold_b_query_n"": 8, ""fold_b_support_n"": 8, ""fresh_advantage"": -0.1884661465883255, ""fresh_local_trainability"": -0.00041863322257995605, ""fresh_positive"": false, ""fresh_query_after"": 0.6877130568027496, ""fresh_query_before"": 0.6872944235801697, ""fresh_utility"": -0.17939534783363342, ""reuse_profiles"": {""default"": {""feasible_both"": true, ""fold_a_harm"": -0.011017145588994026, ""fold_a_lcb"": -0.021888765618205068, ""fold_a_query_after"": 0.516913890838623, ""fold_a_utility"": 0.0014644861221313477, ""fold_b_harm"": -0.010740814730525017, ""fold_b_lcb"": -0.01810273392125964, ""fold_b_query_after"": 0.4815799295902252, ""fold_b_utility"": 0.016677111387252808, ""harm_lcb_max"": -0.01810273392125964, ""harm_mean"": -0.010878980159759521, ""harm_se_mean"": 0.004651413066312671, ""harm_ucb_max"": -0.00014552555978298264, ""local_trainability"": 0.009070798754692078, ""query_after"": 0.49924691021442413, ""query_before"": 0.5083177089691162, ""system_utility"": 0.009070798754692078}}, ""status"": ""ok"", ""statusquo_loss"": 0.5083177089691162}, ""utility_status"": ""ok""}"
32,A1,A,1,default,reuse,safe_existing_reuse,0.5951076745986938,1,True,147456,592130,0,67694596,739586,5916800,512,24.954008042812347,547802112,0.0,11.027830012142658,0.5398892033845186,0.5795860588550568,-0.18673977255821228,-0.007162183523178101,-0.17957758903503418,False,,"{""best_reuse"": ""default"", ""best_reuse_utility"": -0.007162183523178101, ""decision"": ""reuse"", ""fresh_advantage"": -0.17957758903503418, ""fresh_positive"": false, ""fresh_utility"": -0.18673977255821228, ""full_batch_guards"": {""default"": {""crossfit_feasible"": true, ""crossfit_utility"": -0.007162183523178101, ""crossfit_utility_positive"": false, ""full_batch_cur_after"": 0.5710384845733643, ""full_batch_cur_before"": 0.5795861482620239, ""full_batch_gain"": 0.008547663688659668, ""full_batch_harm"": -0.01094711385667324, ""full_batch_harm_lcb"": -0.016606372874230148, ""full_batch_harm_se"": 0.0028873770497739315, ""full_batch_harm_ucb"": -0.005287854839116335, ""full_batch_safe"": true}}, ""guarded_best_reuse"": ""default"", ""num_adapters"": 1, ""pending_after"": false, ""pending_before"": false, ""policy_version"": ""cau_v1"", ""reason"": ""safe_existing_reuse"", ""utility"": {""batch_n"": 16, ""best_reuse"": ""default"", ""best_reuse_query_after"": 0.5867482423782349, ""best_reuse_utility"": -0.007162183523178101, ""defer_utility"": 0.0, ""fold_a_fresh_utility"": -0.2766830325126648, ""fold_a_query_n"": 8, ""fold_a_support_n"": 8, ""fold_b_fresh_utility"": -0.09679651260375977, ""fold_b_query_n"": 8, ""fold_b_support_n"": 8, ""fresh_advantage"": -0.17957758903503418, ""fresh_local_trainability"": -0.0787602961063385, ""fresh_positive"": false, ""fresh_query_after"": 0.766325831413269, ""fresh_query_before"": 0.6875655353069305, ""fresh_utility"": -0.18673977255821228, ""reuse_profiles"": {""default"": {""feasible_both"": true, ""fold_a_harm"": -0.009944814257323742, ""fold_a_lcb"": -0.013796772947534919, ""fold_a_query_after"": 0.5162371397018433, ""fold_a_utility"": 0.01491004228591919, ""fold_b_harm"": -0.010200342163443565, ""fold_b_lcb"": -0.021182001400738955, ""fold_b_query_after"": 0.6572593450546265, ""fold_b_utility"": -0.02923440933227539, ""harm_lcb_max"": -0.013796772947534919, ""harm_mean"": -0.010072578210383654, ""harm_se_mean"": 0.003784086205996573, ""harm_ucb_max"": 0.0007813170738518241, ""local_trainability"": -0.007162183523178101, ""query_after"": 0.5867482423782349, ""query_before"": 0.5795860588550568, ""system_utility"": -0.007162183523178101}}, ""status"": ""ok"", ""statusquo_loss"": 0.5795860588550568}, ""utility_status"": ""ok""}"
33,B2,B,2,default,reuse,safe_existing_reuse,0.5727044343948364,1,True,147456,592130,0,67694596,739586,5916800,512,25.99146841466427,547802112,0.0,11.45293071679771,1.147200994193554,0.5336532890796661,-0.11161923408508301,0.013257920742034912,-0.12487715482711792,False,,"{""best_reuse"": ""default"", ""best_reuse_utility"": 0.013257920742034912, ""decision"": ""reuse"", ""fresh_advantage"": -0.12487715482711792, ""fresh_positive"": false, ""fresh_utility"": -0.11161923408508301, ""full_batch_guards"": {""default"": {""crossfit_feasible"": true, ""crossfit_utility"": 0.013257920742034912, ""crossfit_utility_positive"": true, ""full_batch_cur_after"": 0.5167636275291443, ""full_batch_cur_before"": 0.5336533188819885, ""full_batch_gain"": 0.01688969135284424, ""full_batch_harm"": -0.013053089380264282, ""full_batch_harm_lcb"": -0.016021652459166945, ""full_batch_harm_se"": 0.0015145729994401336, ""full_batch_harm_ucb"": -0.01008452630136162, ""full_batch_safe"": true}}, ""guarded_best_reuse"": ""default"", ""num_adapters"": 1, ""pending_after"": false, ""pending_before"": false, ""policy_version"": ""cau_v1"", ""reason"": ""safe_existing_reuse"", ""utility"": {""batch_n"": 16, ""best_reuse"": ""default"", ""best_reuse_query_after"": 0.5203953683376312, ""best_reuse_utility"": 0.013257920742034912, ""defer_utility"": 0.0, ""fold_a_fresh_utility"": -0.14487683773040771, ""fold_a_query_n"": 8, ""fold_a_support_n"": 8, ""fold_b_fresh_utility"": -0.0783616304397583, ""fold_b_query_n"": 8, ""fold_b_support_n"": 8, ""fresh_advantage"": -0.12487715482711792, ""fresh_local_trainability"": 0.02469736337661743, ""fresh_positive"": false, ""fresh_query_after"": 0.6452725231647491, ""fresh_query_before"": 0.6699698865413666, ""fresh_utility"": -0.11161923408508301, ""reuse_profiles"": {""default"": {""feasible_both"": true, ""fold_a_harm"": -0.01286659762263298, ""fold_a_lcb"": -0.01584332203026861, ""fold_a_query_after"": 0.5038704872131348, ""fold_a_utility"": 0.01596677303314209, ""fold_b_harm"": -0.012999482452869415, ""fold_b_lcb"": -0.01628995642066002, ""fold_b_query_after"": 0.5369202494621277, ""fold_b_utility"": 0.010549068450927734, ""harm_lcb_max"": -0.01584332203026861, ""harm_mean"": -0.012933040037751198, ""harm_se_mean"": 0.0015987750957719982, ""harm_ucb_max"": -0.009709008485078812, ""local_trainability"": 0.013257920742034912, ""query_after"": 0.5203953683376312, ""query_before"": 0.5336532890796661, ""system_utility"": 0.013257920742034912}}, ""status"": ""ok"", ""statusquo_loss"": 0.5336532890796661}, ""utility_status"": ""ok""}"
34,B2,B,2,default,reuse,safe_existing_reuse,0.47869873046875,1,True,147456,592130,0,67694596,739586,5916800,512,26.385806366801262,547802112,0.0,11.840856296941638,1.147200994193554,0.4692818969488144,-0.26784296333789825,0.01144823431968689,-0.27929119765758514,False,,"{""best_reuse"": ""default"", ""best_reuse_utility"": 0.01144823431968689, ""decision"": ""reuse"", ""fresh_advantage"": -0.27929119765758514, ""fresh_positive"": false, ""fresh_utility"": -0.26784296333789825, ""full_batch_guards"": {""default"": {""crossfit_feasible"": true, ""crossfit_utility"": 0.01144823431968689, ""crossfit_utility_positive"": true, ""full_batch_cur_after"": 0.44918879866600037, ""full_batch_cur_before"": 0.4692818224430084, ""full_batch_gain"": 0.020093023777008057, ""full_batch_harm"": -0.015892870724201202, ""full_batch_harm_lcb"": -0.020010919123888016, ""full_batch_harm_se"": 0.0021010451018810272, ""full_batch_harm_ucb"": -0.011774822324514388, ""full_batch_safe"": true}}, ""guarded_best_reuse"": ""default"", ""num_adapters"": 1, ""pending_after"": false, ""pending_before"": false, ""policy_version"": ""cau_v1"", ""reason"": ""safe_existing_reuse"", ""utility"": {""batch_n"": 16, ""best_reuse"": ""default"", ""best_reuse_query_after"": 0.4578336626291275, ""best_reuse_utility"": 0.01144823431968689, ""defer_utility"": 0.0, ""fold_a_fresh_utility"": -0.24014604091644287, ""fold_a_query_n"": 8, ""fold_a_support_n"": 8, ""fold_b_fresh_utility"": -0.29553988575935364, ""fold_b_query_n"": 8, ""fold_b_support_n"": 8, ""fresh_advantage"": -0.27929119765758514, ""fresh_local_trainability"": -0.02516961097717285, ""fresh_positive"": false, ""fresh_query_after"": 0.7371248602867126, ""fresh_query_before"": 0.7119552493095398, ""fresh_utility"": -0.26784296333789825, ""reuse_profiles"": {""default"": {""feasible_both"": true, ""fold_a_harm"": -0.015663502737879753, ""fold_a_lcb"": -0.020397506477311252, ""fold_a_query_after"": 0.4580993354320526, ""fold_a_utility"": 0.010478824377059937, ""fold_b_harm"": -0.013485660776495934, ""fold_b_lcb"": -0.017237174292095005, ""fold_b_query_after"": 0.4575679898262024, ""fold_b_utility"": 0.012417644262313843, ""harm_lcb_max"": -0.017237174292095005, ""harm_mean"": -0.014574581757187843, ""harm_se_mean"": 0.002164672769140452, ""harm_ucb_max"": -0.009734147260896862, ""local_trainability"": 0.01144823431968689, ""query_after"": 0.4578336626291275, ""query_before"": 0.4692818969488144, ""system_utility"": 0.01144823431968689}}, ""status"": ""ok"", ""statusquo_loss"": 0.4692818969488144}, ""utility_status"": ""ok""}"
35,B2,B,2,default,reuse,safe_existing_reuse,0.4712349772453308,1,True,147456,592130,0,67694596,739586,5916800,512,26.74355836585164,547802112,0.0,12.19375685788691,1.147200994193554,0.4464283734560013,-0.24811165034770966,0.014941811561584473,-0.26305346190929413,False,,"{""best_reuse"": ""default"", ""best_reuse_utility"": 0.014941811561584473, ""decision"": ""reuse"", ""fresh_advantage"": -0.26305346190929413, ""fresh_positive"": false, ""fresh_utility"": -0.24811165034770966, ""full_batch_guards"": {""default"": {""crossfit_feasible"": true, ""crossfit_utility"": 0.014941811561584473, ""crossfit_utility_positive"": true, ""full_batch_cur_after"": 0.4264102578163147, ""full_batch_cur_before"": 0.4464282989501953, ""full_batch_gain"": 0.020018041133880615, ""full_batch_harm"": -0.01726819947361946, ""full_batch_harm_lcb"": -0.02058027695864439, ""full_batch_harm_se"": 0.0016898354515433311, ""full_batch_harm_ucb"": -0.013956121988594531, ""full_batch_safe"": true}}, ""guarded_best_reuse"": ""default"", ""num_adapters"": 1, ""pending_after"": false, ""pending_before"": false, ""policy_version"": ""cau_v1"", ""reason"": ""safe_existing_reuse"", ""utility"": {""batch_n"": 16, ""best_reuse"": ""default"", ""best_reuse_query_after"": 0.4314865618944168, ""best_reuse_utility"": 0.014941811561584473, ""defer_utility"": 0.0, ""fold_a_fresh_utility"": -0.26145559549331665, ""fold_a_query_n"": 8, ""fold_a_support_n"": 8, ""fold_b_fresh_utility"": -0.23476770520210266, ""fold_b_query_n"": 8, ""fold_b_support_n"": 8, ""fresh_advantage"": -0.26305346190929413, ""fresh_local_trainability"": -0.0025847554206848145, ""fresh_positive"": false, ""fresh_query_after"": 0.6945400238037109, ""fresh_query_before"": 0.6919552683830261, ""fresh_utility"": -0.24811165034770966, ""reuse_profiles"": {""default"": {""feasible_both"": true, ""fold_a_harm"": -0.018094947561621666, ""fold_a_lcb"": -0.021617477484978734, ""fold_a_query_after"": 0.40829527378082275, ""fold_a_utility"": 0.012187421321868896, ""fold_b_harm"": -0.01664806716144085, ""fold_b_lcb"": -0.02002513750921935, ""fold_b_query_after"": 0.45467785000801086, ""fold_b_utility"": 0.01769620180130005, ""harm_lcb_max"": -0.02002513750921935, ""harm_mean"": -0.017371507361531258, ""harm_se_mean"": 0.0017601021099835634, ""harm_ucb_max"": -0.01327099681366235, ""local_trainability"": 0.014941811561584473, ""query_after"": 0.4314865618944168, ""query_before"": 0.4464283734560013, ""system_utility"": 0.014941811561584473}}, ""status"": ""ok"", ""statusquo_loss"": 0.4464283734560013}, ""utility_status"": ""ok""}"
36,B2,B,2,default,reuse,safe_existing_reuse,0.35238850116729736,1,True,147456,592130,0,67694596,739586,5916800,512,27.125782886520028,547802112,0.0,12.571111153811216,1.147200994193554,0.33866895735263824,-0.38192345201969147,0.02224428951740265,-0.4041677415370941,False,,"{""best_reuse"": ""default"", ""best_reuse_utility"": 0.02224428951740265, ""decision"": ""reuse"", ""fresh_advantage"": -0.4041677415370941, ""fresh_positive"": false, ""fresh_utility"": -0.38192345201969147, ""full_batch_guards"": {""default"": {""crossfit_feasible"": true, ""crossfit_utility"": 0.02224428951740265, ""crossfit_utility_positive"": true, ""full_batch_cur_after"": 0.31121259927749634, ""full_batch_cur_before"": 0.33866897225379944, ""full_batch_gain"": 0.0274563729763031, ""full_batch_harm"": -0.015587842091917992, ""full_batch_harm_lcb"": -0.020196220967918635, ""full_batch_harm_se"": 0.002351213712245226, ""full_batch_harm_ucb"": -0.010979463215917348, ""full_batch_safe"": true}}, ""guarded_best_reuse"": ""default"", ""num_adapters"": 1, ""pending_after"": false, ""pending_before"": false, ""policy_version"": ""cau_v1"", ""reason"": ""safe_existing_reuse"", ""utility"": {""batch_n"": 16, ""best_reuse"": ""default"", ""best_reuse_query_after"": 0.3164246678352356, ""best_reuse_utility"": 0.02224428951740265, ""defer_utility"": 0.0, ""fold_a_fresh_utility"": -0.3572586178779602, ""fold_a_query_n"": 8, ""fold_a_support_n"": 8, ""fold_b_fresh_utility"": -0.40658828616142273, ""fold_b_query_n"": 8, ""fold_b_support_n"": 8, ""fresh_advantage"": -0.4041677415370941, ""fresh_local_trainability"": -0.032272160053253174, ""fresh_positive"": false, ""fresh_query_after"": 0.7205924093723297, ""fresh_query_before"": 0.6883202493190765, ""fresh_utility"": -0.38192345201969147, ""reuse_profiles"": {""default"": {""feasible_both"": true, ""fold_a_harm"": -0.014618847519159317, ""fold_a_lcb"": -0.01998574623838067, ""fold_a_query_after"": 0.3072693645954132, ""fold_a_utility"": 0.021614104509353638, ""fold_b_harm"": -0.01522548496723175, ""fold_b_lcb"": -0.020443982034921645, ""fold_b_query_after"": 0.325579971075058, ""fold_b_utility"": 0.02287447452545166, ""harm_lcb_max"": -0.01998574623838067, ""harm_mean"": -0.014922166243195534, ""harm_se_mean"": 0.0027003560680896044, ""harm_ucb_max"": -0.009251948799937963, ""local_trainability"": 0.02224428951740265, ""query_after"": 0.3164246678352356, ""query_before"": 0.33866895735263824, ""system_utility"": 0.02224428951740265}}, ""status"": ""ok"", ""statusquo_loss"": 0.33866895735263824}, ""utility_status"": ""ok""}"
37,B2,B,2,default,reuse,safe_existing_reuse,0.507168173789978,1,True,147456,592130,0,67694596,739586,5916800,512,27.52010279893875,547802112,0.0,12.960570588707924,1.147200994193554,0.4990771561861038,-0.2193276435136795,0.011168837547302246,-0.23049648106098175,False,,"{""best_reuse"": ""default"", ""best_reuse_utility"": 0.011168837547302246, ""decision"": ""reuse"", ""fresh_advantage"": -0.23049648106098175, ""fresh_positive"": false, ""fresh_utility"": -0.2193276435136795, ""full_batch_guards"": {""default"": {""crossfit_feasible"": true, ""crossfit_utility"": 0.011168837547302246, ""crossfit_utility_positive"": true, ""full_batch_cur_after"": 0.47747963666915894, ""full_batch_cur_before"": 0.4990772604942322, ""full_batch_gain"": 0.021597623825073242, ""full_batch_harm"": -0.016598951071500778, ""full_batch_harm_lcb"": -0.022164807049557568, ""full_batch_harm_se"": 0.0028397224377840757, ""full_batch_harm_ucb"": -0.01103309509344399, ""full_batch_safe"": true}}, ""guarded_best_reuse"": ""default"", ""num_adapters"": 1, ""pending_after"": false, ""pending_before"": false, ""policy_version"": ""cau_v1"", ""reason"": ""safe_existing_reuse"", ""utility"": {""batch_n"": 16, ""best_reuse"": ""default"", ""best_reuse_query_after"": 0.4879083186388016, ""best_reuse_utility"": 0.011168837547302246, ""defer_utility"": 0.0, ""fold_a_fresh_utility"": -0.1604483723640442, ""fold_a_query_n"": 8, ""fold_a_support_n"": 8, ""fold_b_fresh_utility"": -0.2782069146633148, ""fold_b_query_n"": 8, ""fold_b_support_n"": 8, ""fresh_advantage"": -0.23049648106098175, ""fresh_local_trainability"": -0.01944604516029358, ""fresh_positive"": false, ""fresh_query_after"": 0.7184047996997833, ""fresh_query_before"": 0.6989587545394897, ""fresh_utility"": -0.2193276435136795, ""reuse_profiles"": {""default"": {""feasible_both"": true, ""fold_a_harm"": -0.019487489014863968, ""fold_a_lcb"": -0.024859075797721744, ""fold_a_query_after"": 0.5740518569946289, ""fold_a_utility"": 0.004009902477264404, ""fold_b_harm"": -0.012984348461031914, ""fold_b_lcb"": -0.019605124173685907, ""fold_b_query_after"": 0.40176478028297424, ""fold_b_utility"": 0.018327772617340088, ""harm_lcb_max"": -0.019605124173685907, ""harm_mean"": -0.01623591873794794, ""harm_se_mean"": 0.003059276146814227, ""harm_ucb_max"": -0.006363572748377919, ""local_trainability"": 0.011168837547302246, ""query_after"": 0.4879083186388016, ""query_before"": 0.4990771561861038, ""system_utility"": 0.011168837547302246}}, ""status"": ""ok"", ""statusquo_loss"": 0.4990771561861038}, ""utility_status"": ""ok""}"
38,B2,B,2,default,reuse,safe_existing_reuse,0.5086101293563843,1,True,147456,592130,0,67694596,739586,5916800,512,27.89148354716599,547802112,0.0,13.326963014900684,1.147200994193554,0.49366042017936707,-0.21227037906646729,0.012017413973808289,-0.22428779304027557,False,,"{""best_reuse"": ""default"", ""best_reuse_utility"": 0.012017413973808289, ""decision"": ""reuse"", ""fresh_advantage"": -0.22428779304027557, ""fresh_positive"": false, ""fresh_utility"": -0.21227037906646729, ""full_batch_guards"": {""default"": {""crossfit_feasible"": true, ""crossfit_utility"": 0.012017413973808289, ""crossfit_utility_positive"": true, ""full_batch_cur_after"": 0.4727429747581482, ""full_batch_cur_before"": 0.49366042017936707, ""full_batch_gain"": 0.020917445421218872, ""full_batch_harm"": -0.01586022973060608, ""full_batch_harm_lcb"": -0.023112647291272877, ""full_batch_harm_se"": 0.0037002130411565304, ""full_batch_harm_ucb"": -0.00860781216993928, ""full_batch_safe"": true}}, ""guarded_best_reuse"": ""default"", ""num_adapters"": 1, ""pending_after"": false, ""pending_before"": false, ""policy_version"": ""cau_v1"", ""reason"": ""safe_existing_reuse"", ""utility"": {""batch_n"": 16, ""best_reuse"": ""default"", ""best_reuse_query_after"": 0.4816430062055588, ""best_reuse_utility"": 0.012017413973808289, ""defer_utility"": 0.0, ""fold_a_fresh_utility"": -0.2148749828338623, ""fold_a_query_n"": 8, ""fold_a_support_n"": 8, ""fold_b_fresh_utility"": -0.20966577529907227, ""fold_b_query_n"": 8, ""fold_b_support_n"": 8, ""fresh_advantage"": -0.22428779304027557, ""fresh_local_trainability"": 0.004353195428848267, ""fresh_positive"": false, ""fresh_query_after"": 0.7059307992458344, ""fresh_query_before"": 0.7102839946746826, ""fresh_utility"": -0.21227037906646729, ""reuse_profiles"": {""default"": {""feasible_both"": true, ""fold_a_harm"": -0.014438791200518608, ""fold_a_lcb"": -0.022318362426012754, ""fold_a_query_after"": 0.46966972947120667, ""fold_a_utility"": 0.006869584321975708, ""fold_b_harm"": -0.019522901624441147, ""fold_b_lcb"": -0.024432104229927063, ""fold_b_query_after"": 0.4936162829399109, ""fold_b_utility"": 0.01716524362564087, ""harm_lcb_max"": -0.022318362426012754, ""harm_mean"": -0.016980846412479877, ""harm_se_mean"": 0.0032624423038214445, ""harm_ucb_max"": -0.006559219975024462, ""local_trainability"": 0.012017413973808289, ""query_after"": 0.4816430062055588, ""query_before"": 0.49366042017936707, ""system_utility"": 0.012017413973808289}}, ""status"": ""ok"", ""statusquo_loss"": 0.49366042017936707}, ""utility_status"": ""ok""}"
39,B2,B,2,default,reuse,safe_existing_reuse,0.4836602509021759,1,True,147456,592130,0,67694596,739586,5916800,512,28.27925030142069,547802112,0.0,13.709757465869188,1.147200994193554,0.499667763710022,-0.21573206782341003,0.0021498948335647583,-0.2178819626569748,False,,"{""best_reuse"": ""default"", ""best_reuse_utility"": 0.0021498948335647583, ""decision"": ""reuse"", ""fresh_advantage"": -0.2178819626569748, ""fresh_positive"": false, ""fresh_utility"": -0.21573206782341003, ""full_batch_guards"": {""default"": {""crossfit_feasible"": true, ""crossfit_utility"": 0.0021498948335647583, ""crossfit_utility_positive"": true, ""full_batch_cur_after"": 0.483463853597641, ""full_batch_cur_before"": 0.49966779351234436, ""full_batch_gain"": 0.01620393991470337, ""full_batch_harm"": -0.012269300408661366, ""full_batch_harm_lcb"": -0.0209811975620687, ""full_batch_harm_se"": 0.004444845486432314, ""full_batch_harm_ucb"": -0.0035574032552540304, ""full_batch_safe"": true}}, ""guarded_best_reuse"": ""default"", ""num_adapters"": 1, ""pending_after"": false, ""pending_before"": false, ""policy_version"": ""cau_v1"", ""reason"": ""safe_existing_reuse"", ""utility"": {""batch_n"": 16, ""best_reuse"": ""default"", ""best_reuse_query_after"": 0.4975178688764572, ""best_reuse_utility"": 0.0021498948335647583, ""defer_utility"": 0.0, ""fold_a_fresh_utility"": -0.1151418685913086, ""fold_a_query_n"": 8, ""fold_a_support_n"": 8, ""fold_b_fresh_utility"": -0.3163222670555115, ""fold_b_query_n"": 8, ""fold_b_support_n"": 8, ""fresh_advantage"": -0.2178819626569748, ""fresh_local_trainability"": -0.02141985297203064, ""fresh_positive"": false, ""fresh_query_after"": 0.715399831533432, ""fresh_query_before"": 0.6939799785614014, ""fresh_utility"": -0.21573206782341003, ""reuse_profiles"": {""default"": {""feasible_both"": true, ""fold_a_harm"": -0.008152897469699383, ""fold_a_lcb"": -0.019107324592769148, ""fold_a_query_after"": 0.5885882377624512, ""fold_a_utility"": -0.008336663246154785, ""fold_b_harm"": -0.020724978297948837, ""fold_b_lcb"": -0.02504959812387824, ""fold_b_query_after"": 0.40644749999046326, ""fold_b_utility"": 0.012636452913284302, ""harm_lcb_max"": -0.019107324592769148, ""harm_mean"": -0.01443893788382411, ""harm_se_mean"": 0.0038977160584181547, ""harm_ucb_max"": 0.002801529653370381, ""local_trainability"": 0.0021498948335647583, ""query_after"": 0.4975178688764572, ""query_before"": 0.499667763710022, ""system_utility"": 0.0021498948335647583}}, ""status"": ""ok"", ""statusquo_loss"": 0.499667763710022}, ""utility_status"": ""ok""}"
40,B2,B,2,default,reuse,safe_existing_reuse,0.57469642162323,1,True,147456,592130,0,67694596,739586,5916800,512,28.680153219029307,547802112,0.0,14.105620350688696,1.147200994193554,0.5673924386501312,-0.1219206154346466,0.00568622350692749,-0.1276068389415741,False,,"{""best_reuse"": ""default"", ""best_reuse_utility"": 0.00568622350692749, ""decision"": ""reuse"", ""fresh_advantage"": -0.1276068389415741, ""fresh_positive"": false, ""fresh_utility"": -0.1219206154346466, ""full_batch_guards"": {""default"": {""crossfit_feasible"": true, ""crossfit_utility"": 0.00568622350692749, ""crossfit_utility_positive"": true, ""full_batch_cur_after"": 0.5538270473480225, ""full_batch_cur_before"": 0.5673925876617432, ""full_batch_gain"": 0.013565540313720703, ""full_batch_harm"": -0.010249080136418343, ""full_batch_harm_lcb"": -0.020600040797144174, ""full_batch_harm_se"": 0.005281102377921343, ""full_batch_harm_ucb"": 0.00010188052430748842, ""full_batch_safe"": true}}, ""guarded_best_reuse"": ""default"", ""num_adapters"": 1, ""pending_after"": false, ""pending_before"": false, ""policy_version"": ""cau_v1"", ""reason"": ""safe_existing_reuse"", ""utility"": {""batch_n"": 16, ""best_reuse"": ""default"", ""best_reuse_query_after"": 0.5617062151432037, ""best_reuse_utility"": 0.00568622350692749, ""defer_utility"": 0.0, ""fold_a_fresh_utility"": -0.16023612022399902, ""fold_a_query_n"": 8, ""fold_a_support_n"": 8, ""fold_b_fresh_utility"": -0.08360511064529419, ""fold_b_query_n"": 8, ""fold_b_support_n"": 8, ""fresh_advantage"": -0.1276068389415741, ""fresh_local_trainability"": 0.022362500429153442, ""fresh_positive"": false, ""fresh_query_after"": 0.6893130540847778, ""fresh_query_before"": 0.7116755545139313, ""fresh_utility"": -0.1219206154346466, ""reuse_profiles"": {""default"": {""feasible_both"": true, ""fold_a_harm"": -0.008920292370021343, ""fold_a_lcb"": -0.01918190646916628, ""fold_a_query_after"": 0.5276409983634949, ""fold_a_utility"": 0.005338013172149658, ""fold_b_harm"": -0.011915773153305054, ""fold_b_lcb"": -0.020865068957209586, ""fold_b_query_after"": 0.5957714319229126, ""fold_b_utility"": 0.006034433841705322, ""harm_lcb_max"": -0.01918190646916628, ""harm_mean"": -0.010418032761663198, ""harm_se_mean"": 0.004900742322206497, ""harm_ucb_max"": 0.0013413217291235926, ""local_trainability"": 0.00568622350692749, ""query_after"": 0.5617062151432037, ""query_before"": 0.5673924386501312, ""system_utility"": 0.00568622350692749}}, ""status"": ""ok"", ""statusquo_loss"": 0.5673924386501312}, ""utility_status"": ""ok""}"
41,B2,B,2,default,reuse,safe_existing_reuse,0.3318027853965759,1,True,147456,592130,0,67694596,739586,5916800,512,29.0633531678468,547802112,0.0,14.483728893101215,1.147200994193554,0.3369102478027344,-0.348844051361084,0.024160712957382202,-0.3730047643184662,False,,"{""best_reuse"": ""default"", ""best_reuse_utility"": 0.024160712957382202, ""decision"": ""reuse"", ""fresh_advantage"": -0.3730047643184662, ""fresh_positive"": false, ""fresh_utility"": -0.348844051361084, ""full_batch_guards"": {""default"": {""crossfit_feasible"": true, ""crossfit_utility"": 0.024160712957382202, ""crossfit_utility_positive"": true, ""full_batch_cur_after"": 0.30438095331192017, ""full_batch_cur_before"": 0.33691030740737915, ""full_batch_gain"": 0.032529354095458984, ""full_batch_harm"": -0.005039284937083721, ""full_batch_harm_lcb"": -0.01930658906698227, ""full_batch_harm_se"": 0.007279236800968647, ""full_batch_harm_ucb"": 0.009228019192814827, ""full_batch_safe"": true}}, ""guarded_best_reuse"": ""default"", ""num_adapters"": 1, ""pending_after"": false, ""pending_before"": false, ""policy_version"": ""cau_v1"", ""reason"": ""safe_existing_reuse"", ""utility"": {""batch_n"": 16, ""best_reuse"": ""default"", ""best_reuse_query_after"": 0.3127495348453522, ""best_reuse_utility"": 0.024160712957382202, ""defer_utility"": 0.0, ""fold_a_fresh_utility"": -0.3508162498474121, ""fold_a_query_n"": 8, ""fold_a_support_n"": 8, ""fold_b_fresh_utility"": -0.34687185287475586, ""fold_b_query_n"": 8, ""fold_b_support_n"": 8, ""fresh_advantage"": -0.3730047643184662, ""fresh_local_trainability"": 0.0341489315032959, ""fresh_positive"": false, ""fresh_query_after"": 0.6857542991638184, ""fresh_query_before"": 0.7199032306671143, ""fresh_utility"": -0.348844051361084, ""reuse_profiles"": {""default"": {""feasible_both"": true, ""fold_a_harm"": -0.0018568767700344324, ""fold_a_lcb"": -0.016990742059424517, ""fold_a_query_after"": 0.3156082034111023, ""fold_a_utility"": 0.017034530639648438, ""fold_b_harm"": -0.0117927435785532, ""fold_b_lcb"": -0.022265178617089987, ""fold_b_query_after"": 0.30989086627960205, ""fold_b_utility"": 0.03128689527511597, ""harm_lcb_max"": -0.016990742059424517, ""harm_mean"": -0.006824810174293816, ""harm_se_mean"": 0.006532219471409917, ""harm_ucb_max"": 0.013276988519355654, ""local_trainability"": 0.024160712957382202, ""query_after"": 0.3127495348453522, ""query_before"": 0.3369102478027344, ""system_utility"": 0.024160712957382202}}, ""status"": ""ok"", ""statusquo_loss"": 0.3369102478027344}, ""utility_status"": ""ok""}"
42,B2,B,2,default,reuse,safe_existing_reuse,0.47709429264068604,1,True,147456,592130,0,67694596,739586,5916800,512,29.457331955432892,547802112,0.0,14.872482981532812,1.147200994193554,0.46121400594711304,-0.22944313287734985,-0.00022125244140625,-0.2292218804359436,False,,"{""best_reuse"": ""default"", ""best_reuse_utility"": -0.00022125244140625, ""decision"": ""reuse"", ""fresh_advantage"": -0.2292218804359436, ""fresh_positive"": false, ""fresh_utility"": -0.22944313287734985, ""full_batch_guards"": {""default"": {""crossfit_feasible"": true, ""crossfit_utility"": -0.00022125244140625, ""crossfit_utility_positive"": false, ""full_batch_cur_after"": 0.4553735852241516, ""full_batch_cur_before"": 0.4612141251564026, ""full_batch_gain"": 0.0058405399322509766, ""full_batch_harm"": -0.011756064370274544, ""full_batch_harm_lcb"": -0.02231330256909132, ""full_batch_harm_se"": 0.005386346019804478, ""full_batch_harm_ucb"": -0.0011988261714577682, ""full_batch_safe"": true}}, ""guarded_best_reuse"": ""default"", ""num_adapters"": 1, ""pending_after"": false, ""pending_before"": false, ""policy_version"": ""cau_v1"", ""reason"": ""safe_existing_reuse"", ""utility"": {""batch_n"": 16, ""best_reuse"": ""default"", ""best_reuse_query_after"": 0.4614352583885193, ""best_reuse_utility"": -0.00022125244140625, ""defer_utility"": 0.0, ""fold_a_fresh_utility"": -0.15277636051177979, ""fold_a_query_n"": 8, ""fold_a_support_n"": 8, ""fold_b_fresh_utility"": -0.3061099052429199, ""fold_b_query_n"": 8, ""fold_b_support_n"": 8, ""fresh_advantage"": -0.2292218804359436, ""fresh_local_trainability"": -1.1920928955078125e-06, ""fresh_positive"": false, ""fresh_query_after"": 0.6906571388244629, ""fresh_query_before"": 0.6906559467315674, ""fresh_utility"": -0.22944313287734985, ""reuse_profiles"": {""default"": {""feasible_both"": true, ""fold_a_harm"": -0.011982089839875698, ""fold_a_lcb"": -0.023486502170562744, ""fold_a_query_after"": 0.545275092124939, ""fold_a_utility"": -0.010344266891479492, ""fold_b_harm"": -0.010682012885808945, ""fold_b_lcb"": -0.0210006595402956, ""fold_b_query_after"": 0.3775954246520996, ""fold_b_utility"": 0.009901762008666992, ""harm_lcb_max"": -0.0210006595402956, ""harm_mean"": -0.011332051362842321, ""harm_se_mean"": 0.005567106883972883, ""harm_ucb_max"": -0.0003633662313222881, ""local_trainability"": -0.00022125244140625, ""query_after"": 0.4614352583885193, ""query_before"": 0.46121400594711304, ""system_utility"": -0.00022125244140625}}, ""status"": ""ok"", ""statusquo_loss"": 0.46121400594711304}, ""utility_status"": ""ok""}"
43,B2,B,2,default,reuse,safe_existing_reuse,0.45753124356269836,1,True,147456,592130,0,67694596,739586,5916800,512,29.845038229599595,547802112,0.0,15.254631070420146,1.147200994193554,0.49399234354496,-0.2012510448694229,-0.007462337613105774,-0.19378870725631714,False,,"{""best_reuse"": ""default"", ""best_reuse_utility"": -0.007462337613105774, ""decision"": ""reuse"", ""fresh_advantage"": -0.19378870725631714, ""fresh_positive"": false, ""fresh_utility"": -0.2012510448694229, ""full_batch_guards"": {""default"": {""crossfit_feasible"": true, ""crossfit_utility"": -0.007462337613105774, ""crossfit_utility_positive"": false, ""full_batch_cur_after"": 0.4887157082557678, ""full_batch_cur_before"": 0.49399229884147644, ""full_batch_gain"": 0.005276590585708618, ""full_batch_harm"": -0.012400535866618156, ""full_batch_harm_lcb"": -0.019850350888445972, ""full_batch_harm_se"": 0.0038009260315448046, ""full_batch_harm_ucb"": -0.00495072084479034, ""full_batch_safe"": true}}, ""guarded_best_reuse"": ""default"", ""num_adapters"": 1, ""pending_after"": false, ""pending_before"": false, ""policy_version"": ""cau_v1"", ""reason"": ""safe_existing_reuse"", ""utility"": {""batch_n"": 16, ""best_reuse"": ""default"", ""best_reuse_query_after"": 0.5014546811580658, ""best_reuse_utility"": -0.007462337613105774, ""defer_utility"": 0.0, ""fold_a_fresh_utility"": -0.18393373489379883, ""fold_a_query_n"": 8, ""fold_a_support_n"": 8, ""fold_b_fresh_utility"": -0.218568354845047, ""fold_b_query_n"": 8, ""fold_b_support_n"": 8, ""fresh_advantage"": -0.19378870725631714, ""fresh_local_trainability"": -0.0003407597541809082, ""fresh_positive"": false, ""fresh_query_after"": 0.6952433884143829, ""fresh_query_before"": 0.694902628660202, ""fresh_utility"": -0.2012510448694229, ""reuse_profiles"": {""default"": {""feasible_both"": true, ""fold_a_harm"": -0.008016416803002357, ""fold_a_lcb"": -0.01797370333224535, ""fold_a_query_after"": 0.5337423086166382, ""fold_a_utility"": -0.012200713157653809, ""fold_b_harm"": -0.01198878325521946, ""fold_b_lcb"": -0.01934862332418561, ""fold_b_query_after"": 0.4691670536994934, ""fold_b_utility"": -0.0027239620685577393, ""harm_lcb_max"": -0.01797370333224535, ""harm_mean"": -0.010002600029110909, ""harm_se_mean"": 0.0044176343362778425, ""harm_ucb_max"": 0.001940869726240635, ""local_trainability"": -0.007462337613105774, ""query_after"": 0.5014546811580658, ""query_before"": 0.49399234354496, ""system_utility"": -0.007462337613105774}}, ""status"": ""ok"", ""statusquo_loss"": 0.49399234354496}, ""utility_status"": ""ok""}"
44,B2,B,2,default,reuse,safe_existing_reuse,0.381054162979126,1,True,147456,592130,0,67694596,739586,5916800,512,30.237061351537704,547802112,0.0,15.641158955171704,1.147200994193554,0.33353352546691895,-0.2852247953414917,0.03087002784013748,-0.3160948231816292,False,,"{""best_reuse"": ""default"", ""best_reuse_utility"": 0.03087002784013748, ""decision"": ""reuse"", ""fresh_advantage"": -0.3160948231816292, ""fresh_positive"": false, ""fresh_utility"": -0.2852247953414917, ""full_batch_guards"": {""default"": {""crossfit_feasible"": true, ""crossfit_utility"": 0.03087002784013748, ""crossfit_utility_positive"": true, ""full_batch_cur_after"": 0.2997164726257324, ""full_batch_cur_before"": 0.3335333466529846, ""full_batch_gain"": 0.0338168740272522, ""full_batch_harm"": -0.0068827467039227486, ""full_batch_harm_lcb"": -0.019380766581743956, ""full_batch_harm_se"": 0.006376540753990412, ""full_batch_harm_ucb"": 0.005615273173898459, ""full_batch_safe"": true}}, ""guarded_best_reuse"": ""default"", ""num_adapters"": 1, ""pending_after"": false, ""pending_before"": false, ""policy_version"": ""cau_v1"", ""reason"": ""safe_existing_reuse"", ""utility"": {""batch_n"": 16, ""best_reuse"": ""default"", ""best_reuse_query_after"": 0.30266349762678146, ""best_reuse_utility"": 0.03087002784013748, ""defer_utility"": 0.0, ""fold_a_fresh_utility"": -0.33710238337516785, ""fold_a_query_n"": 8, ""fold_a_support_n"": 8, ""fold_b_fresh_utility"": -0.23334720730781555, ""fold_b_query_n"": 8, ""fold_b_support_n"": 8, ""fresh_advantage"": -0.3160948231816292, ""fresh_local_trainability"": 0.03545248508453369, ""fresh_positive"": false, ""fresh_query_after"": 0.6187583208084106, ""fresh_query_before"": 0.6542108058929443, ""fresh_utility"": -0.2852247953414917, ""reuse_profiles"": {""default"": {""feasible_both"": true, ""fold_a_harm"": -0.006756892427802086, ""fold_a_lcb"": -0.018740213755518195, ""fold_a_query_after"": 0.21052615344524384, ""fold_a_utility"": 0.038230881094932556, ""fold_b_harm"": -0.007057343143969774, ""fold_b_lcb"": -0.01934991603717208, ""fold_b_query_after"": 0.3948008418083191, ""fold_b_utility"": 0.023509174585342407, ""harm_lcb_max"": -0.018740213755518195, ""harm_mean"": -0.00690711778588593, ""harm_se_mean"": 0.006192830158397555, ""harm_ucb_max"": 0.005235229749232531, ""local_trainability"": 0.03087002784013748, ""query_after"": 0.30266349762678146, ""query_before"": 0.33353352546691895, ""system_utility"": 0.03087002784013748}}, ""status"": ""ok"", ""statusquo_loss"": 0.33353352546691895}, ""utility_status"": ""ok""}"
45,B2,B,2,default,reuse,safe_existing_reuse,0.30602267384529114,1,True,147456,592130,0,67694596,739586,5916800,512,30.634513698518276,547802112,0.0,16.03329449146986,1.147200994193554,0.28875063359737396,-0.4467409700155258,0.0033088624477386475,-0.45004983246326447,False,,"{""best_reuse"": ""default"", ""best_reuse_utility"": 0.0033088624477386475, ""decision"": ""reuse"", ""fresh_advantage"": -0.45004983246326447, ""fresh_positive"": false, ""fresh_utility"": -0.4467409700155258, ""full_batch_guards"": {""default"": {""crossfit_feasible"": true, ""crossfit_utility"": 0.0033088624477386475, ""crossfit_utility_positive"": true, ""full_batch_cur_after"": 0.2691476345062256, ""full_batch_cur_before"": 0.28875064849853516, ""full_batch_gain"": 0.01960301399230957, ""full_batch_harm"": -0.0035661004949361086, ""full_batch_harm_lcb"": -0.01875450120307505, ""full_batch_harm_se"": 0.007749184034764767, ""full_batch_harm_ucb"": 0.011622300213202834, ""full_batch_safe"": true}}, ""guarded_best_reuse"": ""default"", ""num_adapters"": 1, ""pending_after"": false, ""pending_before"": false, ""policy_version"": ""cau_v1"", ""reason"": ""safe_existing_reuse"", ""utility"": {""batch_n"": 16, ""best_reuse"": ""default"", ""best_reuse_query_after"": 0.2854417711496353, ""best_reuse_utility"": 0.0033088624477386475, ""defer_utility"": 0.0, ""fold_a_fresh_utility"": -0.5728938579559326, ""fold_a_query_n"": 8, ""fold_a_support_n"": 8, ""fold_b_fresh_utility"": -0.320588082075119, ""fold_b_query_n"": 8, ""fold_b_support_n"": 8, ""fresh_advantage"": -0.45004983246326447, ""fresh_local_trainability"": -0.03639182448387146, ""fresh_positive"": false, ""fresh_query_after"": 0.7354916036128998, ""fresh_query_before"": 0.6990997791290283, ""fresh_utility"": -0.4467409700155258, ""reuse_profiles"": {""default"": {""feasible_both"": true, ""fold_a_harm"": -0.0028296946547925472, ""fold_a_lcb"": -0.02073446886613965, ""fold_a_query_after"": 0.20619860291481018, ""fold_a_utility"": -0.00614282488822937, ""fold_b_harm"": -0.004017616622149944, ""fold_b_lcb"": -0.01418540921062231, ""fold_b_query_after"": 0.36468493938446045, ""fold_b_utility"": 0.012760549783706665, ""harm_lcb_max"": -0.01418540921062231, ""harm_mean"": -0.0034236556384712458, ""harm_se_mean"": 0.007161369081586599, ""harm_ucb_max"": 0.015075079556554554, ""local_trainability"": 0.0033088624477386475, ""query_after"": 0.2854417711496353, ""query_before"": 0.28875063359737396, ""system_utility"": 0.0033088624477386475}}, ""status"": ""ok"", ""statusquo_loss"": 0.28875063359737396}, ""utility_status"": ""ok""}"
46,B2,B,2,default,reuse,safe_existing_reuse,0.46762216091156006,1,True,147456,592130,0,67694596,739586,5916800,512,31.02526468783617,547802112,0.0,16.418644551187754,1.147200994193554,0.3916037976741791,-0.3017336130142212,0.015583917498588562,-0.31731753051280975,False,,"{""best_reuse"": ""default"", ""best_reuse_utility"": 0.015583917498588562, ""decision"": ""reuse"", ""fresh_advantage"": -0.31731753051280975, ""fresh_positive"": false, ""fresh_utility"": -0.3017336130142212, ""full_batch_guards"": {""default"": {""crossfit_feasible"": true, ""crossfit_utility"": 0.015583917498588562, ""crossfit_utility_positive"": true, ""full_batch_cur_after"": 0.36911913752555847, ""full_batch_cur_before"": 0.3916037976741791, ""full_batch_gain"": 0.022484660148620605, ""full_batch_harm"": 0.0059127770364284515, ""full_batch_harm_lcb"": -0.015909126475453377, ""full_batch_harm_se"": 0.011133624240756035, ""full_batch_harm_ucb"": 0.02773468054831028, ""full_batch_safe"": true}}, ""guarded_best_reuse"": ""default"", ""num_adapters"": 1, ""pending_after"": false, ""pending_before"": false, ""policy_version"": ""cau_v1"", ""reason"": ""safe_existing_reuse"", ""utility"": {""batch_n"": 16, ""best_reuse"": ""default"", ""best_reuse_query_after"": 0.3760198801755905, ""best_reuse_utility"": 0.015583917498588562, ""defer_utility"": 0.0, ""fold_a_fresh_utility"": -0.3891862630844116, ""fold_a_query_n"": 8, ""fold_a_support_n"": 8, ""fold_b_fresh_utility"": -0.21428096294403076, ""fold_b_query_n"": 8, ""fold_b_support_n"": 8, ""fresh_advantage"": -0.31731753051280975, ""fresh_local_trainability"": -0.004098057746887207, ""fresh_positive"": false, ""fresh_query_after"": 0.6933374106884003, ""fresh_query_before"": 0.6892393529415131, ""fresh_utility"": -0.3017336130142212, ""reuse_profiles"": {""default"": {""feasible_both"": true, ""fold_a_harm"": 0.005144045688211918, ""fold_a_lcb"": -0.015153142362833022, ""fold_a_query_after"": 0.26326116919517517, ""fold_a_utility"": 0.03245684504508972, ""fold_b_harm"": 0.005013132933527231, ""fold_b_lcb"": -0.015995114762336015, ""fold_b_query_after"": 0.48877859115600586, ""fold_b_utility"": -0.0012890100479125977, ""harm_lcb_max"": -0.015153142362833022, ""harm_mean"": 0.0050785893108695745, ""harm_se_mean"": 0.010537100955843925, ""harm_ucb_max"": 0.026021380629390477, ""local_trainability"": 0.015583917498588562, ""query_after"": 0.3760198801755905, ""query_before"": 0.3916037976741791, ""system_utility"": 0.015583917498588562}}, ""status"": ""ok"", ""statusquo_loss"": 0.3916037976741791}, ""utility_status"": ""ok""}"
47,B2,B,2,default,reuse,safe_existing_reuse,0.2669239640235901,1,True,147456,592130,0,67694596,739586,5916800,512,31.417604759335518,547802112,0.0,16.805291840806603,1.147200994193554,0.2554864175617695,-0.44261307641863823,0.01371440663933754,-0.45632748305797577,False,,"{""best_reuse"": ""default"", ""best_reuse_utility"": 0.01371440663933754, ""decision"": ""reuse"", ""fresh_advantage"": -0.45632748305797577, ""fresh_positive"": false, ""fresh_utility"": -0.44261307641863823, ""full_batch_guards"": {""default"": {""crossfit_feasible"": true, ""crossfit_utility"": 0.01371440663933754, ""crossfit_utility_positive"": true, ""full_batch_cur_after"": 0.23420406877994537, ""full_batch_cur_before"": 0.2554863691329956, ""full_batch_gain"": 0.021282300353050232, ""full_batch_harm"": 0.013427427038550377, ""full_batch_harm_lcb"": -0.01482456486672163, ""full_batch_harm_se"": 0.014414281584322453, ""full_batch_harm_ucb"": 0.041679418943822384, ""full_batch_safe"": true}}, ""guarded_best_reuse"": ""default"", ""num_adapters"": 1, ""pending_after"": false, ""pending_before"": false, ""policy_version"": ""cau_v1"", ""reason"": ""safe_existing_reuse"", ""utility"": {""batch_n"": 16, ""best_reuse"": ""default"", ""best_reuse_query_after"": 0.24177201092243195, ""best_reuse_utility"": 0.01371440663933754, ""defer_utility"": 0.0, ""fold_a_fresh_utility"": -0.5746280178427696, ""fold_a_query_n"": 8, ""fold_a_support_n"": 8, ""fold_b_fresh_utility"": -0.31059813499450684, ""fold_b_query_n"": 8, ""fold_b_support_n"": 8, ""fresh_advantage"": -0.45632748305797577, ""fresh_local_trainability"": 0.005051076412200928, ""fresh_positive"": false, ""fresh_query_after"": 0.6980994939804077, ""fresh_query_before"": 0.7031505703926086, ""fresh_utility"": -0.44261307641863823, ""reuse_profiles"": {""default"": {""feasible_both"": true, ""fold_a_harm"": 0.013749172911047935, ""fold_a_lcb"": -0.015020076744258402, ""fold_a_query_after"": 0.11864694952964783, ""fold_a_utility"": 0.0020862892270088196, ""fold_b_harm"": 0.008258622139692307, ""fold_b_lcb"": -0.012283697836101056, ""fold_b_query_after"": 0.36489707231521606, ""fold_b_utility"": 0.02534252405166626, ""harm_lcb_max"": -0.012283697836101056, ""harm_mean"": 0.011003897525370121, ""harm_se_mean"": 0.012579482048749924, ""harm_ucb_max"": 0.04251842256635427, ""local_trainability"": 0.01371440663933754, ""query_after"": 0.24177201092243195, ""query_before"": 0.2554864175617695, ""system_utility"": 0.01371440663933754}}, ""status"": ""ok"", ""statusquo_loss"": 0.2554864175617695}, ""utility_status"": ""ok""}"
48,B2,B,2,default,reuse,safe_existing_reuse,0.35029786825180054,1,True,147456,592130,0,67694596,739586,5916800,512,31.824865847826004,547802112,0.0,17.206975735723972,1.147200994193554,0.3504480719566345,-0.3494085669517517,-0.041847147047519684,-0.307561419904232,False,,"{""best_reuse"": ""default"", ""best_reuse_utility"": -0.041847147047519684, ""decision"": ""reuse"", ""fresh_advantage"": -0.307561419904232, ""fresh_positive"": false, ""fresh_utility"": -0.3494085669517517, ""full_batch_guards"": {""default"": {""crossfit_feasible"": true, ""crossfit_utility"": -0.041847147047519684, ""crossfit_utility_positive"": false, ""full_batch_cur_after"": 0.37138915061950684, ""full_batch_cur_before"": 0.3504480719566345, ""full_batch_gain"": -0.020941078662872314, ""full_batch_harm"": 0.01334851048886776, ""full_batch_harm_lcb"": -0.005211510173976423, ""full_batch_harm_se"": 0.00946939829736948, ""full_batch_harm_ucb"": 0.03190853115171194, ""full_batch_safe"": true}}, ""guarded_best_reuse"": ""default"", ""num_adapters"": 1, ""pending_after"": false, ""pending_before"": false, ""policy_version"": ""cau_v1"", ""reason"": ""safe_existing_reuse"", ""utility"": {""batch_n"": 16, ""best_reuse"": ""default"", ""best_reuse_query_after"": 0.3922952190041542, ""best_reuse_utility"": -0.041847147047519684, ""defer_utility"": 0.0, ""fold_a_fresh_utility"": -0.5494250059127808, ""fold_a_query_n"": 8, ""fold_a_support_n"": 8, ""fold_b_fresh_utility"": -0.14939212799072266, ""fold_b_query_n"": 8, ""fold_b_support_n"": 8, ""fresh_advantage"": -0.307561419904232, ""fresh_local_trainability"": 0.04370701313018799, ""fresh_positive"": false, ""fresh_query_after"": 0.6998566389083862, ""fresh_query_before"": 0.7435636520385742, ""fresh_utility"": -0.3494085669517517, ""reuse_profiles"": {""default"": {""feasible_both"": true, ""fold_a_harm"": 0.01290799118578434, ""fold_a_lcb"": -0.004959039390087128, ""fold_a_query_after"": 0.1362651139497757, ""fold_a_utility"": 0.011417552828788757, ""fold_b_harm"": 0.022662021219730377, ""fold_b_lcb"": -0.004353515692055224, ""fold_b_query_after"": 0.6483253240585327, ""fold_b_utility"": -0.09511184692382812, ""harm_lcb_max"": -0.004353515692055224, ""harm_mean"": 0.01778500620275736, ""harm_se_mean"": 0.011449634563177824, ""harm_ucb_max"": 0.049677558131515975, ""local_trainability"": -0.041847147047519684, ""query_after"": 0.3922952190041542, ""query_before"": 0.3504480719566345, ""system_utility"": -0.041847147047519684}}, ""status"": ""ok"", ""statusquo_loss"": 0.3504480719566345}, ""utility_status"": ""ok""}"
49,C1,C,1,default,reuse,safe_existing_reuse,0.3268652558326721,1,True,147456,592130,0,67694596,739586,5916800,512,32.83306513167918,547802112,0.0,17.601396705955267,1.7553456369787455,0.36133795976638794,-0.3424277901649475,-0.006992839276790619,-0.3354349508881569,False,,"{""best_reuse"": ""default"", ""best_reuse_utility"": -0.006992839276790619, ""decision"": ""reuse"", ""fresh_advantage"": -0.3354349508881569, ""fresh_positive"": false, ""fresh_utility"": -0.3424277901649475, ""full_batch_guards"": {""default"": {""crossfit_feasible"": true, ""crossfit_utility"": -0.006992839276790619, ""crossfit_utility_positive"": false, ""full_batch_cur_after"": 0.3549356162548065, ""full_batch_cur_before"": 0.36133790016174316, ""full_batch_gain"": 0.0064022839069366455, ""full_batch_harm"": 0.015154194086790085, ""full_batch_harm_lcb"": -0.005347532816231251, ""full_batch_harm_se"": 0.010460064746439457, ""full_batch_harm_ucb"": 0.03565592098981142, ""full_batch_safe"": true}}, ""guarded_best_reuse"": ""default"", ""num_adapters"": 1, ""pending_after"": false, ""pending_before"": false, ""policy_version"": ""cau_v1"", ""reason"": ""safe_existing_reuse"", ""utility"": {""batch_n"": 16, ""best_reuse"": ""default"", ""best_reuse_query_after"": 0.36833079904317856, ""best_reuse_utility"": -0.006992839276790619, ""defer_utility"": 0.0, ""fold_a_fresh_utility"": -0.2012571394443512, ""fold_a_query_n"": 8, ""fold_a_support_n"": 8, ""fold_b_fresh_utility"": -0.4835984408855438, ""fold_b_query_n"": 8, ""fold_b_support_n"": 8, ""fresh_advantage"": -0.3354349508881569, ""fresh_local_trainability"": 0.00724482536315918, ""fresh_positive"": false, ""fresh_query_after"": 0.7037657499313354, ""fresh_query_before"": 0.7110105752944946, ""fresh_utility"": -0.3424277901649475, ""reuse_profiles"": {""default"": {""feasible_both"": true, ""fold_a_harm"": 0.0044798520393669605, ""fold_a_lcb"": -0.008210327792912721, ""fold_a_query_after"": 0.49948084354400635, ""fold_a_utility"": 0.00024363398551940918, ""fold_b_harm"": 0.019400300458073616, ""fold_b_lcb"": -0.0030950431898236277, ""fold_b_query_after"": 0.23718075454235077, ""fold_b_utility"": -0.014229312539100647, ""harm_lcb_max"": -0.0030950431898236277, ""harm_mean"": 0.011940076248720288, ""harm_se_mean"": 0.00897589884698391, ""harm_ucb_max"": 0.04189564410597086, ""local_trainability"": -0.006992839276790619, ""query_after"": 0.36833079904317856, ""query_before"": 0.36133795976638794, ""system_utility"": -0.006992839276790619}}, ""status"": ""ok"", ""statusquo_loss"": 0.36133795976638794}, ""utility_status"": ""ok""}"
50,C1,C,1,default,defer,no_retention_feasible_reuse,,1,False,147456,592130,0,67694596,739586,5916800,512,33.134659515693784,547802112,0.0,17.89738675020635,1.7553456369787455,0.22997812926769257,-0.46077050268650055,,,False,,"{""best_reuse"": null, ""best_reuse_utility"": null, ""decision"": ""defer"", ""fresh_advantage"": null, ""fresh_positive"": false, ""fresh_utility"": -0.46077050268650055, ""full_batch_guards"": {}, ""guarded_best_reuse"": null, ""num_adapters"": 1, ""pending_after"": false, ""pending_before"": false, ""policy_version"": ""cau_v1"", ""reason"": ""no_retention_feasible_reuse"", ""utility"": {""batch_n"": 16, ""best_reuse"": null, ""best_reuse_query_after"": null, ""best_reuse_utility"": null, ""defer_utility"": 0.0, ""fold_a_fresh_utility"": -0.48218125104904175, ""fold_a_query_n"": 8, ""fold_a_support_n"": 8, ""fold_b_fresh_utility"": -0.43935975432395935, ""fold_b_query_n"": 8, ""fold_b_support_n"": 8, ""fresh_advantage"": null, ""fresh_local_trainability"": -0.009404629468917847, ""fresh_positive"": false, ""fresh_query_after"": 0.6907486319541931, ""fresh_query_before"": 0.6813440024852753, ""fresh_utility"": -0.46077050268650055, ""reuse_profiles"": {""default"": {""feasible_both"": false, ""fold_a_harm"": 0.01810375601053238, ""fold_a_lcb"": -0.0030646862834692, ""fold_a_query_after"": 0.16469836235046387, ""fold_a_utility"": 0.032054007053375244, ""fold_b_harm"": 0.0312778502702713, ""fold_b_lcb"": 0.002225911244750023, ""fold_b_query_after"": 0.25493139028549194, ""fold_b_utility"": 0.008272498846054077, ""harm_lcb_max"": 0.002225911244750023, ""harm_mean"": 0.02469080314040184, ""harm_se_mean"": 0.012811321765184402, ""harm_ucb_max"": 0.06032978929579258, ""local_trainability"": 0.02016325294971466, ""query_after"": 0.2098148763179779, ""query_before"": 0.22997812926769257, ""system_utility"": 0.02016325294971466}}, ""status"": ""ok"", ""statusquo_loss"": 0.22997812926769257}, ""utility_status"": ""ok""}"
51,C1,C,1,default,reuse,safe_existing_reuse,0.08995822072029114,1,True,147456,592130,0,67694596,739586,5916800,512,33.539999417960644,547802112,0.0,18.29715752787888,1.7553456369787455,0.07978759706020355,-0.5856184512376785,0.012801960110664368,-0.5984204113483429,False,,"{""best_reuse"": ""default"", ""best_reuse_utility"": 0.012801960110664368, ""decision"": ""reuse"", ""fresh_advantage"": -0.5984204113483429, ""fresh_positive"": false, ""fresh_utility"": -0.5856184512376785, ""full_batch_guards"": {""default"": {""crossfit_feasible"": true, ""crossfit_utility"": 0.012801960110664368, ""crossfit_utility_positive"": true, ""full_batch_cur_after"": 0.0658494085073471, ""full_batch_cur_before"": 0.07978761196136475, ""full_batch_gain"": 0.01393820345401764, ""full_batch_harm"": 0.017299149185419083, ""full_batch_harm_lcb"": -0.0038015692308545103, ""full_batch_harm_se"": 0.010765672661364079, ""full_batch_harm_ucb"": 0.03839986760169267, ""full_batch_safe"": true}}, ""guarded_best_reuse"": ""default"", ""num_adapters"": 1, ""pending_after"": false, ""pending_before"": false, ""policy_version"": ""cau_v1"", ""reason"": ""safe_existing_reuse"", ""utility"": {""batch_n"": 16, ""best_reuse"": ""default"", ""best_reuse_query_after"": 0.06698563694953918, ""best_reuse_utility"": 0.012801960110664368, ""defer_utility"": 0.0, ""fold_a_fresh_utility"": -0.5941551625728607, ""fold_a_query_n"": 8, ""fold_a_support_n"": 8, ""fold_b_fresh_utility"": -0.5770817399024963, ""fold_b_query_n"": 8, ""fold_b_support_n"": 8, ""fresh_advantage"": -0.5984204113483429, ""fresh_local_trainability"": 0.019183456897735596, ""fresh_positive"": false, ""fresh_query_after"": 0.6654060482978821, ""fresh_query_before"": 0.6845895051956177, ""fresh_utility"": -0.5856184512376785, ""reuse_profiles"": {""default"": {""feasible_both"": true, ""fold_a_harm"": 0.02006683498620987, ""fold_a_lcb"": -0.0029274139180779438, ""fold_a_query_after"": 0.059103891253471375, ""fold_a_utility"": 0.012176856398582458, ""fold_b_harm"": 0.022136755287647247, ""fold_b_lcb"": -0.002009987868368625, ""fold_b_query_after"": 0.074867382645607, ""fold_b_utility"": 0.013427063822746277, ""harm_lcb_max"": -0.002009987868368625, ""harm_mean"": 0.02110179513692856, ""harm_se_mean"": 0.012025763280689716, ""harm_ucb_max"": 0.04628349844366312, ""local_trainability"": 0.012801960110664368, ""query_after"": 0.06698563694953918, ""query_before"": 0.07978759706020355, ""system_utility"": 0.012801960110664368}}, ""status"": ""ok"", ""statusquo_loss"": 0.07978759706020355}, ""utility_status"": ""ok""}"
52,C1,C,1,default,defer,no_retention_feasible_reuse,,1,False,147456,592130,0,67694596,739586,5916800,512,33.85242832638323,547802112,0.0,18.60342874750495,1.7553456369787455,0.2965562790632248,-0.3558744937181473,,,False,,"{""best_reuse"": null, ""best_reuse_utility"": null, ""decision"": ""defer"", ""fresh_advantage"": null, ""fresh_positive"": false, ""fresh_utility"": -0.3558744937181473, ""full_batch_guards"": {}, ""guarded_best_reuse"": null, ""num_adapters"": 1, ""pending_after"": false, ""pending_before"": false, ""policy_version"": ""cau_v1"", ""reason"": ""no_retention_feasible_reuse"", ""utility"": {""batch_n"": 16, ""best_reuse"": null, ""best_reuse_query_after"": null, ""best_reuse_utility"": null, ""defer_utility"": 0.0, ""fold_a_fresh_utility"": -0.44999849796295166, ""fold_a_query_n"": 8, ""fold_a_support_n"": 8, ""fold_b_fresh_utility"": -0.2617504894733429, ""fold_b_query_n"": 8, ""fold_b_support_n"": 8, ""fresh_advantage"": null, ""fresh_local_trainability"": 0.02079033851623535, ""fresh_positive"": false, ""fresh_query_after"": 0.6524307727813721, ""fresh_query_before"": 0.6732211112976074, ""fresh_utility"": -0.3558744937181473, ""reuse_profiles"": {""default"": {""feasible_both"": false, ""fold_a_harm"": 0.04592385143041611, ""fold_a_lcb"": 0.007296518012881281, ""fold_a_query_after"": 0.20761598646640778, ""fold_a_utility"": -0.018385663628578186, ""fold_b_harm"": 0.011048090644180775, ""fold_b_lcb"": -0.004812264330685139, ""fold_b_query_after"": 0.3900575339794159, ""fold_b_utility"": 0.013824701309204102, ""harm_lcb_max"": 0.007296518012881281, ""harm_mean"": 0.02848597103729844, ""harm_se_mean"": 0.013899920508265495, ""harm_ucb_max"": 0.08455118484795093, ""local_trainability"": -0.0022804811596870422, ""query_after"": 0.29883676022291183, ""query_before"": 0.2965562790632248, ""system_utility"": -0.0022804811596870422}}, ""status"": ""ok"", ""statusquo_loss"": 0.2965562790632248}, ""utility_status"": ""ok""}"
53,C1,C,1,default,reuse,safe_existing_reuse,0.5862327814102173,1,True,147456,592130,0,67694596,739586,5916800,512,34.25210571475327,547802112,0.0,18.997447200119495,1.7553456369787455,0.573046013712883,-0.16056089103221893,-0.030082792043685913,-0.13047809898853302,False,,"{""best_reuse"": ""default"", ""best_reuse_utility"": -0.030082792043685913, ""decision"": ""reuse"", ""fresh_advantage"": -0.13047809898853302, ""fresh_positive"": false, ""fresh_utility"": -0.16056089103221893, ""full_batch_guards"": {""default"": {""crossfit_feasible"": true, ""crossfit_utility"": -0.030082792043685913, ""crossfit_utility_positive"": false, ""full_batch_cur_after"": 0.5813612937927246, ""full_batch_cur_before"": 0.5730459690093994, ""full_batch_gain"": -0.008315324783325195, ""full_batch_harm"": 0.009005776606500149, ""full_batch_harm_lcb"": -0.004560193568468094, ""full_batch_harm_se"": 0.006921413354575634, ""full_batch_harm_ucb"": 0.022571746781468394, ""full_batch_safe"": true}}, ""guarded_best_reuse"": ""default"", ""num_adapters"": 1, ""pending_after"": false, ""pending_before"": false, ""policy_version"": ""cau_v1"", ""reason"": ""safe_existing_reuse"", ""utility"": {""batch_n"": 16, ""best_reuse"": ""default"", ""best_reuse_query_after"": 0.6031288057565689, ""best_reuse_utility"": -0.030082792043685913, ""defer_utility"": 0.0, ""fold_a_fresh_utility"": -0.421693354845047, ""fold_a_query_n"": 8, ""fold_a_support_n"": 8, ""fold_b_fresh_utility"": 0.10057157278060913, ""fold_b_query_n"": 8, ""fold_b_support_n"": 8, ""fresh_advantage"": -0.13047809898853302, ""fresh_local_trainability"": -0.02936708927154541, ""fresh_positive"": false, ""fresh_query_after"": 0.7336069047451019, ""fresh_query_before"": 0.7042398154735565, ""fresh_utility"": -0.16056089103221893, ""reuse_profiles"": {""default"": {""feasible_both"": true, ""fold_a_harm"": 0.021813109517097473, ""fold_a_lcb"": -0.00026632763445377447, ""fold_a_query_after"": 0.3844884932041168, ""fold_a_utility"": -0.03730654716491699, ""fold_b_harm"": 0.005967080593109131, ""fold_b_lcb"": -0.006479257866740227, ""fold_b_query_after"": 0.821769118309021, ""fold_b_utility"": -0.022859036922454834, ""harm_lcb_max"": -0.00026632763445377447, ""harm_mean"": 0.013890095055103302, ""harm_se_mean"": 0.008807595819234848, ""harm_ucb_max"": 0.043892546668648724, ""local_trainability"": -0.030082792043685913, ""query_after"": 0.6031288057565689, ""query_before"": 0.573046013712883, ""system_utility"": -0.030082792043685913}}, ""status"": ""ok"", ""statusquo_loss"": 0.573046013712883}, ""utility_status"": ""ok""}"
54,C1,C,1,default,reuse,safe_existing_reuse,0.3773839771747589,1,True,147456,592130,0,67694596,739586,5916800,512,34.656235463917255,547802112,0.0,19.395921666175127,1.7553456369787455,0.37731069326400757,-0.3301331400871277,0.006765797734260559,-0.33689893782138824,False,,"{""best_reuse"": ""default"", ""best_reuse_utility"": 0.006765797734260559, ""decision"": ""reuse"", ""fresh_advantage"": -0.33689893782138824, ""fresh_positive"": false, ""fresh_utility"": -0.3301331400871277, ""full_batch_guards"": {""default"": {""crossfit_feasible"": true, ""crossfit_utility"": 0.006765797734260559, ""crossfit_utility_positive"": true, ""full_batch_cur_after"": 0.3596511483192444, ""full_batch_cur_before"": 0.3773108124732971, ""full_batch_gain"": 0.017659664154052734, ""full_batch_harm"": -0.004047648515552282, ""full_batch_harm_lcb"": -0.015007803719490766, ""full_batch_harm_se"": 0.005591915920376778, ""full_batch_harm_ucb"": 0.006912506688386201, ""full_batch_safe"": true}}, ""guarded_best_reuse"": ""default"", ""num_adapters"": 1, ""pending_after"": false, ""pending_before"": false, ""policy_version"": ""cau_v1"", ""reason"": ""safe_existing_reuse"", ""utility"": {""batch_n"": 16, ""best_reuse"": ""default"", ""best_reuse_query_after"": 0.370544895529747, ""best_reuse_utility"": 0.006765797734260559, ""defer_utility"": 0.0, ""fold_a_fresh_utility"": -0.3591066002845764, ""fold_a_query_n"": 8, ""fold_a_support_n"": 8, ""fold_b_fresh_utility"": -0.30115967988967896, ""fold_b_query_n"": 8, ""fold_b_support_n"": 8, ""fresh_advantage"": -0.33689893782138824, ""fresh_local_trainability"": 0.0012213587760925293, ""fresh_positive"": false, ""fresh_query_after"": 0.7074438333511353, ""fresh_query_before"": 0.7086651921272278, ""fresh_utility"": -0.3301331400871277, ""reuse_profiles"": {""default"": {""feasible_both"": true, ""fold_a_harm"": -0.0033433842472732067, ""fold_a_lcb"": -0.012402163427323103, ""fold_a_query_after"": 0.3286576569080353, ""fold_a_utility"": 0.015010029077529907, ""fold_b_harm"": -0.004678948316723108, ""fold_b_lcb"": -0.015961515251547098, ""fold_b_query_after"": 0.41243213415145874, ""fold_b_utility"": -0.001478433609008789, ""harm_lcb_max"": -0.012402163427323103, ""harm_mean"": -0.0040111662819981575, ""harm_se_mean"": 0.005189118906855583, ""harm_ucb_max"": 0.006603618618100882, ""local_trainability"": 0.006765797734260559, ""query_after"": 0.370544895529747, ""query_before"": 0.37731069326400757, ""system_utility"": 0.006765797734260559}}, ""status"": ""ok"", ""statusquo_loss"": 0.37731069326400757}, ""utility_status"": ""ok""}"
55,C1,C,1,default,reuse,safe_existing_reuse,0.19036181271076202,1,True,147456,592130,0,67694596,739586,5916800,512,35.03701703809202,547802112,0.0,19.77091284841299,1.7553456369787455,0.17777947336435318,-0.534692607820034,0.012215666472911835,-0.5469082742929459,False,,"{""best_reuse"": ""default"", ""best_reuse_utility"": 0.012215666472911835, ""decision"": ""reuse"", ""fresh_advantage"": -0.5469082742929459, ""fresh_positive"": false, ""fresh_utility"": -0.534692607820034, ""full_batch_guards"": {""default"": {""crossfit_feasible"": true, ""crossfit_utility"": 0.012215666472911835, ""crossfit_utility_positive"": true, ""full_batch_cur_after"": 0.15652570128440857, ""full_batch_cur_before"": 0.17777937650680542, ""full_batch_gain"": 0.02125367522239685, ""full_batch_harm"": -0.007287902291864157, ""full_batch_harm_lcb"": -0.022390183731913565, ""full_batch_harm_se"": 0.00770524563267827, ""full_batch_harm_ucb"": 0.007814379148185252, ""full_batch_safe"": true}}, ""guarded_best_reuse"": ""default"", ""num_adapters"": 1, ""pending_after"": false, ""pending_before"": false, ""policy_version"": ""cau_v1"", ""reason"": ""safe_existing_reuse"", ""utility"": {""batch_n"": 16, ""best_reuse"": ""default"", ""best_reuse_query_after"": 0.16556380689144135, ""best_reuse_utility"": 0.012215666472911835, ""defer_utility"": 0.0, ""fold_a_fresh_utility"": -0.5774457454681396, ""fold_a_query_n"": 8, ""fold_a_support_n"": 8, ""fold_b_fresh_utility"": -0.4919394701719284, ""fold_b_query_n"": 8, ""fold_b_support_n"": 8, ""fresh_advantage"": -0.5469082742929459, ""fresh_local_trainability"": 0.008960127830505371, ""fresh_positive"": false, ""fresh_query_after"": 0.7124720811843872, ""fresh_query_before"": 0.7214322090148926, ""fresh_utility"": -0.534692607820034, ""reuse_profiles"": {""default"": {""feasible_both"": true, ""fold_a_harm"": -0.0176492091268301, ""fold_a_lcb"": -0.03447978563606739, ""fold_a_query_after"": 0.11414314806461334, ""fold_a_utility"": 0.01442079246044159, ""fold_b_harm"": -0.02003529667854309, ""fold_b_lcb"": -0.03913200456649065, ""fold_b_query_after"": 0.21698446571826935, ""fold_b_utility"": 0.01001054048538208, ""harm_lcb_max"": -0.03447978563606739, ""harm_mean"": -0.018842252902686596, ""harm_se_mean"": 0.00916512357071042, ""harm_ucb_max"": -0.0008186326175928134, ""local_trainability"": 0.012215666472911835, ""query_after"": 0.16556380689144135, ""query_before"": 0.17777947336435318, ""system_utility"": 0.012215666472911835}}, ""status"": ""ok"", ""statusquo_loss"": 0.17777947336435318}, ""utility_status"": ""ok""}"
56,C1,C,1,default,reuse,safe_existing_reuse,0.38533100485801697,1,True,147456,592130,0,67694596,739586,5916800,512,35.42771979235113,547802112,0.0,20.15582616440952,1.7553456369787455,0.4395691305398941,-0.2825591415166855,0.016540609300136566,-0.29909975081682205,False,,"{""best_reuse"": ""default"", ""best_reuse_utility"": 0.016540609300136566, ""decision"": ""reuse"", ""fresh_advantage"": -0.29909975081682205, ""fresh_positive"": false, ""fresh_utility"": -0.2825591415166855, ""full_batch_guards"": {""default"": {""crossfit_feasible"": true, ""crossfit_utility"": 0.016540609300136566, ""crossfit_utility_positive"": true, ""full_batch_cur_after"": 0.41150665283203125, ""full_batch_cur_before"": 0.43956929445266724, ""full_batch_gain"": 0.028062641620635986, ""full_batch_harm"": -0.023183587938547134, ""full_batch_harm_lcb"": -0.04678404048085213, ""full_batch_harm_se"": 0.012041047215461731, ""full_batch_harm_ucb"": 0.0004168646037578591, ""full_batch_safe"": true}}, ""guarded_best_reuse"": ""default"", ""num_adapters"": 1, ""pending_after"": false, ""pending_before"": false, ""policy_version"": ""cau_v1"", ""reason"": ""safe_existing_reuse"", ""utility"": {""batch_n"": 16, ""best_reuse"": ""default"", ""best_reuse_query_after"": 0.42302852123975754, ""best_reuse_utility"": 0.016540609300136566, ""defer_utility"": 0.0, ""fold_a_fresh_utility"": 0.056861281394958496, ""fold_a_query_n"": 8, ""fold_a_support_n"": 8, ""fold_b_fresh_utility"": -0.6219795644283295, ""fold_b_query_n"": 8, ""fold_b_support_n"": 8, ""fresh_advantage"": -0.29909975081682205, ""fresh_local_trainability"": -0.006952196359634399, ""fresh_positive"": false, ""fresh_query_after"": 0.7221282720565796, ""fresh_query_before"": 0.7151760756969452, ""fresh_utility"": -0.2825591415166855, ""reuse_profiles"": {""default"": {""feasible_both"": true, ""fold_a_harm"": -0.021993936970829964, ""fold_a_lcb"": -0.0462890936434269, ""fold_a_query_after"": 0.7533358335494995, ""fold_a_utility"": 0.013701677322387695, ""fold_b_harm"": -0.022317960858345032, ""fold_b_lcb"": -0.04413363065570593, ""fold_b_query_after"": 0.09272120893001556, ""fold_b_utility"": 0.019379541277885437, ""harm_lcb_max"": -0.04413363065570593, ""harm_mean"": -0.022155948914587498, ""harm_se_mean"": 0.011762965936213732, ""harm_ucb_max"": 0.0023012197017669676, ""local_trainability"": 0.016540609300136566, ""query_after"": 0.42302852123975754, ""query_before"": 0.4395691305398941, ""system_utility"": 0.016540609300136566}}, ""status"": ""ok"", ""statusquo_loss"": 0.4395691305398941}, ""utility_status"": ""ok""}"
57,C1,C,1,default,reuse,safe_existing_reuse,0.2804710865020752,1,True,147456,592130,0,67694596,739586,5916800,512,35.8321033641696,547802112,0.0,20.554089492186904,1.7553456369787455,0.25058823823928833,-0.46201854944229126,0.001431092619895935,-0.4634496420621872,False,,"{""best_reuse"": ""default"", ""best_reuse_utility"": 0.001431092619895935, ""decision"": ""reuse"", ""fresh_advantage"": -0.4634496420621872, ""fresh_positive"": false, ""fresh_utility"": -0.46201854944229126, ""full_batch_guards"": {""default"": {""crossfit_feasible"": true, ""crossfit_utility"": 0.001431092619895935, ""crossfit_utility_positive"": true, ""full_batch_cur_after"": 0.2369825839996338, ""full_batch_cur_before"": 0.2505882680416107, ""full_batch_gain"": 0.013605684041976929, ""full_batch_harm"": -0.011473114602267742, ""full_batch_harm_lcb"": -0.04291935857385397, ""full_batch_harm_se"": 0.016044002026319504, ""full_batch_harm_ucb"": 0.019973129369318485, ""full_batch_safe"": true}}, ""guarded_best_reuse"": ""default"", ""num_adapters"": 1, ""pending_after"": false, ""pending_before"": false, ""policy_version"": ""cau_v1"", ""reason"": ""safe_existing_reuse"", ""utility"": {""batch_n"": 16, ""best_reuse"": ""default"", ""best_reuse_query_after"": 0.2491571456193924, ""best_reuse_utility"": 0.001431092619895935, ""defer_utility"": 0.0, ""fold_a_fresh_utility"": -0.40870845317840576, ""fold_a_query_n"": 8, ""fold_a_support_n"": 8, ""fold_b_fresh_utility"": -0.5153286457061768, ""fold_b_query_n"": 8, ""fold_b_support_n"": 8, ""fresh_advantage"": -0.4634496420621872, ""fresh_local_trainability"": 0.0007853806018829346, ""fresh_positive"": false, ""fresh_query_after"": 0.7126067876815796, ""fresh_query_before"": 0.7133921682834625, ""fresh_utility"": -0.46201854944229126, ""reuse_profiles"": {""default"": {""feasible_both"": true, ""fold_a_harm"": -0.015026487410068512, ""fold_a_lcb"": -0.05039201647043228, ""fold_a_query_after"": 0.3155496418476105, ""fold_a_utility"": -0.01006212830543518, ""fold_b_harm"": -0.005154354497790337, ""fold_b_lcb"": -0.025269386656582356, ""fold_b_query_after"": 0.18276464939117432, ""fold_b_utility"": 0.01292431354522705, ""harm_lcb_max"": -0.025269386656582356, ""harm_mean"": -0.010090420953929424, ""harm_se_mean"": 0.014153204392641783, ""harm_ucb_max"": 0.020339041650295257, ""local_trainability"": 0.001431092619895935, ""query_after"": 0.2491571456193924, ""query_before"": 0.25058823823928833, ""system_utility"": 0.001431092619895935}}, ""status"": ""ok"", ""statusquo_loss"": 0.25058823823928833}, ""utility_status"": ""ok""}"
58,C1,C,1,default,reuse,safe_existing_reuse,0.37387752532958984,1,True,147456,592130,0,67694596,739586,5916800,512,36.224931163713336,547802112,0.0,20.94086091220379,1.7553456369787455,0.34973370283842087,-0.3111107423901558,-0.021121226251125336,-0.28998951613903046,False,,"{""best_reuse"": ""default"", ""best_reuse_utility"": -0.021121226251125336, ""decision"": ""reuse"", ""fresh_advantage"": -0.28998951613903046, ""fresh_positive"": false, ""fresh_utility"": -0.3111107423901558, ""full_batch_guards"": {""default"": {""crossfit_feasible"": true, ""crossfit_utility"": -0.021121226251125336, ""crossfit_utility_positive"": false, ""full_batch_cur_after"": 0.35362979769706726, ""full_batch_cur_before"": 0.34973394870758057, ""full_batch_gain"": -0.0038958489894866943, ""full_batch_harm"": 0.006736361421644688, ""full_batch_harm_lcb"": -0.018260423094034195, ""full_batch_harm_se"": 0.012753461487591267, ""full_batch_harm_ucb"": 0.03173314593732357, ""full_batch_safe"": true}}, ""guarded_best_reuse"": ""default"", ""num_adapters"": 1, ""pending_after"": false, ""pending_before"": false, ""policy_version"": ""cau_v1"", ""reason"": ""safe_existing_reuse"", ""utility"": {""batch_n"": 16, ""best_reuse"": ""default"", ""best_reuse_query_after"": 0.3708549290895462, ""best_reuse_utility"": -0.021121226251125336, ""defer_utility"": 0.0, ""fold_a_fresh_utility"": -0.17773744463920593, ""fold_a_query_n"": 8, ""fold_a_support_n"": 8, ""fold_b_fresh_utility"": -0.44448404014110565, ""fold_b_query_n"": 8, ""fold_b_support_n"": 8, ""fresh_advantage"": -0.28998951613903046, ""fresh_local_trainability"": 0.018363744020462036, ""fresh_positive"": false, ""fresh_query_after"": 0.6608444452285767, ""fresh_query_before"": 0.6792081892490387, ""fresh_utility"": -0.3111107423901558, ""reuse_profiles"": {""default"": {""feasible_both"": true, ""fold_a_harm"": 0.010400866158306599, ""fold_a_lcb"": -0.013172251135110856, ""fold_a_query_after"": 0.5470278263092041, ""fold_a_utility"": -0.048193544149398804, ""fold_b_harm"": 0.007755056023597717, ""fold_b_lcb"": -0.007161798421293497, ""fold_b_query_after"": 0.1946820318698883, ""fold_b_utility"": 0.005951091647148132, ""harm_lcb_max"": -0.007161798421293497, ""harm_mean"": 0.009077961090952158, ""harm_se_mean"": 0.009818870341405272, ""harm_ucb_max"": 0.03397398345172405, ""local_trainability"": -0.021121226251125336, ""query_after"": 0.3708549290895462, ""query_before"": 0.34973370283842087, ""system_utility"": -0.021121226251125336}}, ""status"": ""ok"", ""statusquo_loss"": 0.34973370283842087}, ""utility_status"": ""ok""}"
59,C1,C,1,default,reuse,safe_existing_reuse,0.6461651921272278,1,True,147456,592130,0,67694596,739586,5916800,512,36.60819540172815,547802112,0.0,21.31704784743488,1.7553456369787455,0.7001818418502808,0.015523374080657959,0.029976755380630493,-0.014453381299972534,False,,"{""best_reuse"": ""default"", ""best_reuse_utility"": 0.029976755380630493, ""decision"": ""reuse"", ""fresh_advantage"": -0.014453381299972534, ""fresh_positive"": false, ""fresh_utility"": 0.015523374080657959, ""full_batch_guards"": {""default"": {""crossfit_feasible"": true, ""crossfit_utility"": 0.029976755380630493, ""crossfit_utility_positive"": true, ""full_batch_cur_after"": 0.6543294191360474, ""full_batch_cur_before"": 0.7001817226409912, ""full_batch_gain"": 0.04585230350494385, ""full_batch_harm"": -0.004254710394889116, ""full_batch_harm_lcb"": -0.03760925957933068, ""full_batch_harm_se"": 0.017017627134919167, ""full_batch_harm_ucb"": 0.029099838789552447, ""full_batch_safe"": true}}, ""guarded_best_reuse"": ""default"", ""num_adapters"": 1, ""pending_after"": false, ""pending_before"": false, ""policy_version"": ""cau_v1"", ""reason"": ""safe_existing_reuse"", ""utility"": {""batch_n"": 16, ""best_reuse"": ""default"", ""best_reuse_query_after"": 0.6702050864696503, ""best_reuse_utility"": 0.029976755380630493, ""defer_utility"": 0.0, ""fold_a_fresh_utility"": -0.2603708505630493, ""fold_a_query_n"": 8, ""fold_a_support_n"": 8, ""fold_b_fresh_utility"": 0.29141759872436523, ""fold_b_query_n"": 8, ""fold_b_support_n"": 8, ""fresh_advantage"": -0.014453381299972534, ""fresh_local_trainability"": 0.023461103439331055, ""fresh_positive"": false, ""fresh_query_after"": 0.6846584677696228, ""fresh_query_before"": 0.7081195712089539, ""fresh_utility"": 0.015523374080657959, ""reuse_profiles"": {""default"": {""feasible_both"": true, ""fold_a_harm"": -0.004273204132914543, ""fold_a_lcb"": -0.037072593122720716, ""fold_a_query_after"": 0.40072131156921387, ""fold_a_utility"": 0.02478325366973877, ""fold_b_harm"": -0.002617861144244671, ""fold_b_lcb"": -0.03830729145556688, ""fold_b_query_after"": 0.9396888613700867, ""fold_b_utility"": 0.03517025709152222, ""harm_lcb_max"": -0.037072593122720716, ""harm_mean"": -0.003445532638579607, ""harm_se_mean"": 0.017471637576818466, ""harm_ucb_max"": 0.03307156916707754, ""local_trainability"": 0.029976755380630493, ""query_after"": 0.6702050864696503, ""query_before"": 0.7001818418502808, ""system_utility"": 0.029976755380630493}}, ""status"": ""ok"", ""statusquo_loss"": 0.7001818418502808}, ""utility_status"": ""ok""}"
60,C1,C,1,default,reuse,safe_existing_reuse,0.21728616952896118,1,True,147456,592130,0,67694596,739586,5916800,512,36.99956153891981,547802112,0.0,21.701428588479757,1.7553456369787455,0.23458055220544338,-0.4667375925928354,0.0009763948619365692,-0.467713987454772,False,,"{""best_reuse"": ""default"", ""best_reuse_utility"": 0.0009763948619365692, ""decision"": ""reuse"", ""fresh_advantage"": -0.467713987454772, ""fresh_positive"": false, ""fresh_utility"": -0.4667375925928354, ""full_batch_guards"": {""default"": {""crossfit_feasible"": true, ""crossfit_utility"": 0.0009763948619365692, ""crossfit_utility_positive"": true, ""full_batch_cur_after"": 0.221891850233078, ""full_batch_cur_before"": 0.23458044230937958, ""full_batch_gain"": 0.012688592076301575, ""full_batch_harm"": 0.012567679397761822, ""full_batch_harm_lcb"": -0.023331769593060013, ""full_batch_harm_se"": 0.01831604540348053, ""full_batch_harm_ucb"": 0.048467128388583657, ""full_batch_safe"": true}}, ""guarded_best_reuse"": ""default"", ""num_adapters"": 1, ""pending_after"": false, ""pending_before"": false, ""policy_version"": ""cau_v1"", ""reason"": ""safe_existing_reuse"", ""utility"": {""batch_n"": 16, ""best_reuse"": ""default"", ""best_reuse_query_after"": 0.2336041573435068, ""best_reuse_utility"": 0.0009763948619365692, ""defer_utility"": 0.0, ""fold_a_fresh_utility"": -0.6673475690186024, ""fold_a_query_n"": 8, ""fold_a_support_n"": 8, ""fold_b_fresh_utility"": -0.2661276161670685, ""fold_b_query_n"": 8, ""fold_b_support_n"": 8, ""fresh_advantage"": -0.467713987454772, ""fresh_local_trainability"": 0.016395241022109985, ""fresh_positive"": false, ""fresh_query_after"": 0.7013181447982788, ""fresh_query_before"": 0.7177133858203888, ""fresh_utility"": -0.4667375925928354, ""reuse_profiles"": {""default"": {""feasible_both"": true, ""fold_a_harm"": 0.01144977193325758, ""fold_a_lcb"": -0.024492102824151513, ""fold_a_query_after"": 0.02330293133854866, ""fold_a_utility"": 7.470697164535522e-05, ""fold_b_harm"": 0.018389783799648285, ""fold_b_lcb"": -0.016163533329963682, ""fold_b_query_after"": 0.44390538334846497, ""fold_b_utility"": 0.0018780827522277832, ""harm_lcb_max"": -0.016163533329963682, ""harm_mean"": 0.014919777866452932, ""harm_se_mean"": 0.01798346731811762, ""harm_ucb_max"": 0.05294310092926025, ""local_trainability"": 0.0009763948619365692, ""query_after"": 0.2336041573435068, ""query_before"": 0.23458055220544338, ""system_utility"": 0.0009763948619365692}}, ""status"": ""ok"", ""statusquo_loss"": 0.23458055220544338}, ""utility_status"": ""ok""}"
61,C1,C,1,default,reuse,safe_existing_reuse,0.49523478746414185,1,True,147456,592130,0,67694596,739586,5916800,512,37.409700997173786,547802112,0.0,22.104768071323633,1.7553456369787455,0.41734206676483154,-0.22933092713356018,-0.01747758686542511,-0.21185334026813507,False,,"{""best_reuse"": ""default"", ""best_reuse_utility"": -0.01747758686542511, ""decision"": ""reuse"", ""fresh_advantage"": -0.21185334026813507, ""fresh_positive"": false, ""fresh_utility"": -0.22933092713356018, ""full_batch_guards"": {""default"": {""crossfit_feasible"": true, ""crossfit_utility"": -0.01747758686542511, ""crossfit_utility_positive"": false, ""full_batch_cur_after"": 0.4261168837547302, ""full_batch_cur_before"": 0.41734227538108826, ""full_batch_gain"": -0.008774608373641968, ""full_batch_harm"": 0.008059490472078323, ""full_batch_harm_lcb"": -0.012891167923808098, ""full_batch_harm_se"": 0.010689111426472664, ""full_batch_harm_ucb"": 0.029010148867964745, ""full_batch_safe"": true}}, ""guarded_best_reuse"": ""default"", ""num_adapters"": 1, ""pending_after"": false, ""pending_before"": false, ""policy_version"": ""cau_v1"", ""reason"": ""safe_existing_reuse"", ""utility"": {""batch_n"": 16, ""best_reuse"": ""default"", ""best_reuse_query_after"": 0.43481965363025665, ""best_reuse_utility"": -0.01747758686542511, ""defer_utility"": 0.0, ""fold_a_fresh_utility"": -0.2321380376815796, ""fold_a_query_n"": 8, ""fold_a_support_n"": 8, ""fold_b_fresh_utility"": -0.22652381658554077, ""fold_b_query_n"": 8, ""fold_b_support_n"": 8, ""fresh_advantage"": -0.21185334026813507, ""fresh_local_trainability"": 0.02072271704673767, ""fresh_positive"": false, ""fresh_query_after"": 0.6466729938983917, ""fresh_query_before"": 0.6673957109451294, ""fresh_utility"": -0.22933092713356018, ""reuse_profiles"": {""default"": {""feasible_both"": true, ""fold_a_harm"": 0.00524944206699729, ""fold_a_lcb"": -0.010438123103231191, ""fold_a_query_after"": 0.44286155700683594, ""fold_a_utility"": -0.017436504364013672, ""fold_b_harm"": 0.010438881814479828, ""fold_b_lcb"": -0.006607499867677689, ""fold_b_query_after"": 0.42677775025367737, ""fold_b_utility"": -0.017518669366836548, ""harm_lcb_max"": -0.006607499867677689, ""harm_mean"": 0.007844161940738559, ""harm_se_mean"": 0.008350496646016836, ""harm_ucb_max"": 0.027485263496637345, ""local_trainability"": -0.01747758686542511, ""query_after"": 0.43481965363025665, ""query_before"": 0.41734206676483154, ""system_utility"": -0.01747758686542511}}, ""status"": ""ok"", ""statusquo_loss"": 0.41734206676483154}, ""utility_status"": ""ok""}"
62,C1,C,1,default,reuse,safe_existing_reuse,0.4290449023246765,1,True,147456,592130,0,67694596,739586,5916800,512,37.804587019607425,547802112,0.0,22.492209784686565,1.7553456369787455,0.4698468931019306,-0.21191443130373955,0.01581874117255211,-0.22773317247629166,False,,"{""best_reuse"": ""default"", ""best_reuse_utility"": 0.01581874117255211, ""decision"": ""reuse"", ""fresh_advantage"": -0.22773317247629166, ""fresh_positive"": false, ""fresh_utility"": -0.21191443130373955, ""full_batch_guards"": {""default"": {""crossfit_feasible"": true, ""crossfit_utility"": 0.01581874117255211, ""crossfit_utility_positive"": true, ""full_batch_cur_after"": 0.44159364700317383, ""full_batch_cur_before"": 0.4698466658592224, ""full_batch_gain"": 0.028253018856048584, ""full_batch_harm"": 0.0213894285261631, ""full_batch_harm_lcb"": -0.007555053308606147, ""full_batch_harm_se"": 0.014767592772841454, ""full_batch_harm_ucb"": 0.05033391036093235, ""full_batch_safe"": true}}, ""guarded_best_reuse"": ""default"", ""num_adapters"": 1, ""pending_after"": false, ""pending_before"": false, ""policy_version"": ""cau_v1"", ""reason"": ""safe_existing_reuse"", ""utility"": {""batch_n"": 16, ""best_reuse"": ""default"", ""best_reuse_query_after"": 0.4540281519293785, ""best_reuse_utility"": 0.01581874117255211, ""defer_utility"": 0.0, ""fold_a_fresh_utility"": 0.14237350225448608, ""fold_a_query_n"": 8, ""fold_a_support_n"": 8, ""fold_b_fresh_utility"": -0.5662023648619652, ""fold_b_query_n"": 8, ""fold_b_support_n"": 8, ""fresh_advantage"": -0.22773317247629166, ""fresh_local_trainability"": 0.005770623683929443, ""fresh_positive"": false, ""fresh_query_after"": 0.6817613244056702, ""fresh_query_before"": 0.6875319480895996, ""fresh_utility"": -0.21191443130373955, ""reuse_profiles"": {""default"": {""feasible_both"": true, ""fold_a_harm"": 0.02423957549035549, ""fold_a_lcb"": -0.006344146914780139, ""fold_a_query_after"": 0.815504252910614, ""fold_a_utility"": 0.01984792947769165, ""fold_b_harm"": 0.010598798282444477, ""fold_b_lcb"": -0.007918893359601498, ""fold_b_query_after"": 0.092552050948143, ""fold_b_utility"": 0.011789552867412567, ""harm_lcb_max"": -0.006344146914780139, ""harm_mean"": 0.017419186886399984, ""harm_se_mean"": 0.012525870930403471, ""harm_ucb_max"": 0.05482329789549112, ""local_trainability"": 0.01581874117255211, ""query_after"": 0.4540281519293785, ""query_before"": 0.4698468931019306, ""system_utility"": 0.01581874117255211}}, ""status"": ""ok"", ""statusquo_loss"": 0.4698468931019306}, ""utility_status"": ""ok""}"
63,C1,C,1,default,reuse,safe_existing_reuse,0.7016955614089966,1,True,147456,592130,0,67694596,739586,5916800,512,38.20480230264366,547802112,0.0,22.88495407998562,1.7553456369787455,0.5453024953603745,-0.13375355303287506,-0.007677793502807617,-0.12607575953006744,False,,"{""best_reuse"": ""default"", ""best_reuse_utility"": -0.007677793502807617, ""decision"": ""reuse"", ""fresh_advantage"": -0.12607575953006744, ""fresh_positive"": false, ""fresh_utility"": -0.13375355303287506, ""full_batch_guards"": {""default"": {""crossfit_feasible"": true, ""crossfit_utility"": -0.007677793502807617, ""crossfit_utility_positive"": false, ""full_batch_cur_after"": 0.5460643768310547, ""full_batch_cur_before"": 0.5453023910522461, ""full_batch_gain"": -0.0007619857788085938, ""full_batch_harm"": 9.922916069626808e-05, ""full_batch_harm_lcb"": -0.012108486723154782, ""full_batch_harm_se"": 0.006228426471352577, ""full_batch_harm_ucb"": 0.012306945044547319, ""full_batch_safe"": true}}, ""guarded_best_reuse"": ""default"", ""num_adapters"": 1, ""pending_after"": false, ""pending_before"": false, ""policy_version"": ""cau_v1"", ""reason"": ""safe_existing_reuse"", ""utility"": {""batch_n"": 16, ""best_reuse"": ""default"", ""best_reuse_query_after"": 0.5529802888631821, ""best_reuse_utility"": -0.007677793502807617, ""defer_utility"": 0.0, ""fold_a_fresh_utility"": -0.20910248160362244, ""fold_a_query_n"": 8, ""fold_a_support_n"": 8, ""fold_b_fresh_utility"": -0.058404624462127686, ""fold_b_query_n"": 8, ""fold_b_support_n"": 8, ""fresh_advantage"": -0.12607575953006744, ""fresh_local_trainability"": 0.04114535450935364, ""fresh_positive"": false, ""fresh_query_after"": 0.6790560483932495, ""fresh_query_before"": 0.7202014029026031, ""fresh_utility"": -0.13375355303287506, ""reuse_profiles"": {""default"": {""feasible_both"": true, ""fold_a_harm"": 0.0015956470742821693, ""fold_a_lcb"": -0.00997533731162548, ""fold_a_query_after"": 0.47647371888160706, ""fold_a_utility"": -0.0006690025329589844, ""fold_b_harm"": 0.001299798022955656, ""fold_b_lcb"": -0.011890057381242514, ""fold_b_query_after"": 0.6294868588447571, ""fold_b_utility"": -0.01468658447265625, ""harm_lcb_max"": -0.00997533731162548, ""harm_mean"": 0.0014477225486189127, ""harm_se_mean"": 0.006316540762782097, ""harm_ucb_max"": 0.014489653427153826, ""local_trainability"": -0.007677793502807617, ""query_after"": 0.5529802888631821, ""query_before"": 0.5453024953603745, ""system_utility"": -0.007677793502807617}}, ""status"": ""ok"", ""statusquo_loss"": 0.5453024953603745}, ""utility_status"": ""ok""}"
64,C1,C,1,default,reuse,safe_existing_reuse,0.4275825023651123,1,True,147456,592130,0,67694596,739586,5916800,512,38.607898918911815,547802112,0.0,23.281115014106035,1.7553456369787455,0.44443248212337494,-0.30201317369937897,-0.015415236353874207,-0.28659793734550476,False,,"{""best_reuse"": ""default"", ""best_reuse_utility"": -0.015415236353874207, ""decision"": ""reuse"", ""fresh_advantage"": -0.28659793734550476, ""fresh_positive"": false, ""fresh_utility"": -0.30201317369937897, ""full_batch_guards"": {""default"": {""crossfit_feasible"": true, ""crossfit_utility"": -0.015415236353874207, ""crossfit_utility_positive"": false, ""full_batch_cur_after"": 0.427790105342865, ""full_batch_cur_before"": 0.44443267583847046, ""full_batch_gain"": 0.01664257049560547, ""full_batch_harm"": -0.012935975566506386, ""full_batch_harm_lcb"": -0.021439098957926034, ""full_batch_harm_se"": 0.004338328260928392, ""full_batch_harm_ucb"": -0.004432852175086736, ""full_batch_safe"": true}}, ""guarded_best_reuse"": ""default"", ""num_adapters"": 1, ""pending_after"": false, ""pending_before"": false, ""policy_version"": ""cau_v1"", ""reason"": ""safe_existing_reuse"", ""utility"": {""batch_n"": 16, ""best_reuse"": ""default"", ""best_reuse_query_after"": 0.45984771847724915, ""best_reuse_utility"": -0.015415236353874207, ""defer_utility"": 0.0, ""fold_a_fresh_utility"": -0.5151602923870087, ""fold_a_query_n"": 8, ""fold_a_support_n"": 8, ""fold_b_fresh_utility"": -0.08886605501174927, ""fold_b_query_n"": 8, ""fold_b_support_n"": 8, ""fresh_advantage"": -0.28659793734550476, ""fresh_local_trainability"": -0.05359441041946411, ""fresh_positive"": false, ""fresh_query_after"": 0.7464456558227539, ""fresh_query_before"": 0.6928512454032898, ""fresh_utility"": -0.30201317369937897, ""reuse_profiles"": {""default"": {""feasible_both"": true, ""fold_a_harm"": -0.017599690705537796, ""fold_a_lcb"": -0.027969991397112606, ""fold_a_query_after"": 0.2708761692047119, ""fold_a_utility"": 0.003797680139541626, ""fold_b_harm"": 0.01235805731266737, ""fold_b_lcb"": -0.012365518920123577, ""fold_b_query_after"": 0.6488192677497864, ""fold_b_utility"": -0.03462815284729004, ""harm_lcb_max"": -0.012365518920123577, ""harm_mean"": -0.002620816696435213, ""harm_se_mean"": 0.008952519623562694, ""harm_ucb_max"": 0.03708163354545832, ""local_trainability"": -0.015415236353874207, ""query_after"": 0.45984771847724915, ""query_before"": 0.44443248212337494, ""system_utility"": -0.015415236353874207}}, ""status"": ""ok"", ""statusquo_loss"": 0.44443248212337494}, ""utility_status"": ""ok""}"
65,A2,A,2,default,reuse,safe_existing_reuse,0.5154625773429871,1,True,147456,592130,0,67694596,739586,5916800,512,39.60910333879292,547802112,0.0,23.685965368524194,2.3441024981439114,0.5639185905456543,-0.12289056181907654,0.008136376738548279,-0.13102693855762482,False,,"{""best_reuse"": ""default"", ""best_reuse_utility"": 0.008136376738548279, ""decision"": ""reuse"", ""fresh_advantage"": -0.13102693855762482, ""fresh_positive"": false, ""fresh_utility"": -0.12289056181907654, ""full_batch_guards"": {""default"": {""crossfit_feasible"": true, ""crossfit_utility"": 0.008136376738548279, ""crossfit_utility_positive"": true, ""full_batch_cur_after"": 0.5387060642242432, ""full_batch_cur_before"": 0.5639181733131409, ""full_batch_gain"": 0.025212109088897705, ""full_batch_harm"": -0.015774261206388474, ""full_batch_harm_lcb"": -0.030831000935286283, ""full_batch_harm_se"": 0.007682010065764189, ""full_batch_harm_ucb"": -0.0007175214774906638, ""full_batch_safe"": true}}, ""guarded_best_reuse"": ""default"", ""num_adapters"": 1, ""pending_after"": false, ""pending_before"": false, ""policy_version"": ""cau_v1"", ""reason"": ""safe_existing_reuse"", ""utility"": {""batch_n"": 16, ""best_reuse"": ""default"", ""best_reuse_query_after"": 0.555782213807106, ""best_reuse_utility"": 0.008136376738548279, ""defer_utility"": 0.0, ""fold_a_fresh_utility"": -0.2968342900276184, ""fold_a_query_n"": 8, ""fold_a_support_n"": 8, ""fold_b_fresh_utility"": 0.05105316638946533, ""fold_b_query_n"": 8, ""fold_b_support_n"": 8, ""fresh_advantage"": -0.13102693855762482, ""fresh_local_trainability"": -0.003001302480697632, ""fresh_positive"": false, ""fresh_query_after"": 0.6868091523647308, ""fresh_query_before"": 0.6838078498840332, ""fresh_utility"": -0.12289056181907654, ""reuse_profiles"": {""default"": {""feasible_both"": true, ""fold_a_harm"": -0.011497531086206436, ""fold_a_lcb"": -0.021737651191651823, ""fold_a_query_after"": 0.37985458970069885, ""fold_a_utility"": 0.015496760606765747, ""fold_b_harm"": -0.016969334334135056, ""fold_b_lcb"": -0.03297676298767328, ""fold_b_query_after"": 0.7317098379135132, ""fold_b_utility"": 0.0007759928703308105, ""harm_lcb_max"": -0.021737651191651823, ""harm_mean"": -0.014233432710170746, ""harm_se_mean"": 0.006695803254842758, ""harm_ucb_max"": -0.0009619056805968279, ""local_trainability"": 0.008136376738548279, ""query_after"": 0.555782213807106, ""query_before"": 0.5639185905456543, ""system_utility"": 0.008136376738548279}}, ""status"": ""ok"", ""statusquo_loss"": 0.5639185905456543}, ""utility_status"": ""ok""}"
66,A2,A,2,default,reuse,safe_existing_reuse,0.4438686668872833,1,True,147456,592130,0,67694596,739586,5916800,512,40.00228598900139,547802112,0.0,24.071328470483422,2.3441024981439114,0.34776224195957184,-0.34366144239902496,0.024375170469284058,-0.368036612868309,False,,"{""best_reuse"": ""default"", ""best_reuse_utility"": 0.024375170469284058, ""decision"": ""reuse"", ""fresh_advantage"": -0.368036612868309, ""fresh_positive"": false, ""fresh_utility"": -0.34366144239902496, ""full_batch_guards"": {""default"": {""crossfit_feasible"": true, ""crossfit_utility"": 0.024375170469284058, ""crossfit_utility_positive"": true, ""full_batch_cur_after"": 0.3122870922088623, ""full_batch_cur_before"": 0.34776240587234497, ""full_batch_gain"": 0.035475313663482666, ""full_batch_harm"": -0.007542883045971394, ""full_batch_harm_lcb"": -0.02684057392179966, ""full_batch_harm_se"": 0.009845760650932789, ""full_batch_harm_ucb"": 0.011754807829856873, ""full_batch_safe"": true}}, ""guarded_best_reuse"": ""default"", ""num_adapters"": 1, ""pending_after"": false, ""pending_before"": false, ""policy_version"": ""cau_v1"", ""reason"": ""safe_existing_reuse"", ""utility"": {""batch_n"": 16, ""best_reuse"": ""default"", ""best_reuse_query_after"": 0.3233870714902878, ""best_reuse_utility"": 0.024375170469284058, ""defer_utility"": 0.0, ""fold_a_fresh_utility"": -0.5320151150226593, ""fold_a_query_n"": 8, ""fold_a_support_n"": 8, ""fold_b_fresh_utility"": -0.15530776977539062, ""fold_b_query_n"": 8, ""fold_b_support_n"": 8, ""fresh_advantage"": -0.368036612868309, ""fresh_local_trainability"": 0.01827678084373474, ""fresh_positive"": false, ""fresh_query_after"": 0.6914236843585968, ""fresh_query_before"": 0.7097004652023315, ""fresh_utility"": -0.34366144239902496, ""reuse_profiles"": {""default"": {""feasible_both"": true, ""fold_a_harm"": -0.007875940762460232, ""fold_a_lcb"": -0.023924842327833176, ""fold_a_query_after"": 0.13210651278495789, ""fold_a_utility"": 0.01306849718093872, ""fold_b_harm"": -0.006385313346982002, ""fold_b_lcb"": -0.026411361284554003, ""fold_b_query_after"": 0.5146676301956177, ""fold_b_utility"": 0.035681843757629395, ""harm_lcb_max"": -0.023924842327833176, ""harm_mean"": -0.007130627054721117, ""harm_se_mean"": 0.00920279324054718, ""harm_ucb_max"": 0.013640734590589999, ""local_trainability"": 0.024375170469284058, ""query_after"": 0.3233870714902878, ""query_before"": 0.34776224195957184, ""system_utility"": 0.024375170469284058}}, ""status"": ""ok"", ""statusquo_loss"": 0.34776224195957184}, ""utility_status"": ""ok""}"
67,A2,A,2,default,reuse,safe_existing_reuse,0.13677933812141418,1,True,147456,592130,0,67694596,739586,5916800,512,40.40127235092223,547802112,0.0,24.462806541472673,2.3441024981439114,0.1395236700773239,-0.5443674772977829,0.02836100198328495,-0.5727284792810678,False,,"{""best_reuse"": ""default"", ""best_reuse_utility"": 0.02836100198328495, ""decision"": ""reuse"", ""fresh_advantage"": -0.5727284792810678, ""fresh_positive"": false, ""fresh_utility"": -0.5443674772977829, ""full_batch_guards"": {""default"": {""crossfit_feasible"": true, ""crossfit_utility"": 0.02836100198328495, ""crossfit_utility_positive"": true, ""full_batch_cur_after"": 0.10790441930294037, ""full_batch_cur_before"": 0.1395236700773239, ""full_batch_gain"": 0.031619250774383545, ""full_batch_harm"": -0.004748940002173185, ""full_batch_harm_lcb"": -0.031220453437417747, ""full_batch_harm_se"": 0.013505874201655388, ""full_batch_harm_ucb"": 0.021722573433071376, ""full_batch_safe"": true}}, ""guarded_best_reuse"": ""default"", ""num_adapters"": 1, ""pending_after"": false, ""pending_before"": false, ""policy_version"": ""cau_v1"", ""reason"": ""safe_existing_reuse"", ""utility"": {""batch_n"": 16, ""best_reuse"": ""default"", ""best_reuse_query_after"": 0.11116266809403896, ""best_reuse_utility"": 0.02836100198328495, ""defer_utility"": 0.0, ""fold_a_fresh_utility"": -0.5035806894302368, ""fold_a_query_n"": 8, ""fold_a_support_n"": 8, ""fold_b_fresh_utility"": -0.585154265165329, ""fold_b_query_n"": 8, ""fold_b_support_n"": 8, ""fresh_advantage"": -0.5727284792810678, ""fresh_local_trainability"": -0.0042924582958221436, ""fresh_positive"": false, ""fresh_query_after"": 0.6838911473751068, ""fresh_query_before"": 0.6795986890792847, ""fresh_utility"": -0.5443674772977829, ""reuse_profiles"": {""default"": {""feasible_both"": true, ""fold_a_harm"": -0.0045641218312084675, ""fold_a_lcb"": -0.03099816543981433, ""fold_a_query_after"": 0.16479872167110443, ""fold_a_utility"": 0.03678347170352936, ""fold_b_harm"": -0.005888223648071289, ""fold_b_lcb"": -0.0314336571842432, ""fold_b_query_after"": 0.057526614516973495, ""fold_b_utility"": 0.019938532263040543, ""harm_lcb_max"": -0.03099816543981433, ""harm_mean"": -0.005226172739639878, ""harm_se_mean"": 0.013260070700198412, ""harm_ucb_max"": 0.021869921777397393, ""local_trainability"": 0.02836100198328495, ""query_after"": 0.11116266809403896, ""query_before"": 0.1395236700773239, ""system_utility"": 0.02836100198328495}}, ""status"": ""ok"", ""statusquo_loss"": 0.1395236700773239}, ""utility_status"": ""ok""}"
68,A2,A,2,default,reuse,safe_existing_reuse,0.40905430912971497,1,True,147456,592130,0,67694596,739586,5916800,512,40.80099831148982,547802112,0.0,24.85501986928284,2.3441024981439114,0.3736004941165447,-0.3184257932007313,-0.009712863713502884,-0.3087129294872284,False,,"{""best_reuse"": ""default"", ""best_reuse_utility"": -0.009712863713502884, ""decision"": ""reuse"", ""fresh_advantage"": -0.3087129294872284, ""fresh_positive"": false, ""fresh_utility"": -0.3184257932007313, ""full_batch_guards"": {""default"": {""crossfit_feasible"": true, ""crossfit_utility"": -0.009712863713502884, ""crossfit_utility_positive"": false, ""full_batch_cur_after"": 0.37310633063316345, ""full_batch_cur_before"": 0.3736005425453186, ""full_batch_gain"": 0.0004942119121551514, ""full_batch_harm"": 0.0002541160210967064, ""full_batch_harm_lcb"": -0.012972678020596503, ""full_batch_harm_se"": 0.006748364306986332, ""full_batch_harm_ucb"": 0.013480910062789916, ""full_batch_safe"": true}}, ""guarded_best_reuse"": ""default"", ""num_adapters"": 1, ""pending_after"": false, ""pending_before"": false, ""policy_version"": ""cau_v1"", ""reason"": ""safe_existing_reuse"", ""utility"": {""batch_n"": 16, ""best_reuse"": ""default"", ""best_reuse_query_after"": 0.3833133578300476, ""best_reuse_utility"": -0.009712863713502884, ""defer_utility"": 0.0, ""fold_a_fresh_utility"": -0.023093044757843018, ""fold_a_query_n"": 8, ""fold_a_support_n"": 8, ""fold_b_fresh_utility"": -0.6137585416436195, ""fold_b_query_n"": 8, ""fold_b_support_n"": 8, ""fresh_advantage"": -0.3087129294872284, ""fresh_local_trainability"": 0.0434439480304718, ""fresh_positive"": false, ""fresh_query_after"": 0.692026287317276, ""fresh_query_before"": 0.7354702353477478, ""fresh_utility"": -0.3184257932007313, ""reuse_profiles"": {""default"": {""feasible_both"": true, ""fold_a_harm"": 0.0016001369804143906, ""fold_a_lcb"": -0.011369535960257053, ""fold_a_query_after"": 0.6687213182449341, ""fold_a_utility"": -0.0009983181953430176, ""fold_b_harm"": 0.001147157046943903, ""fold_b_lcb"": -0.01573090339079499, ""fold_b_query_after"": 0.09790539741516113, ""fold_b_utility"": -0.01842740923166275, ""harm_lcb_max"": -0.011369535960257053, ""harm_mean"": 0.0013736470136791468, ""harm_se_mean"": 0.007614217698574066, ""harm_ucb_max"": 0.018025217484682797, ""local_trainability"": -0.009712863713502884, ""query_after"": 0.3833133578300476, ""query_before"": 0.3736004941165447, ""system_utility"": -0.009712863713502884}}, ""status"": ""ok"", ""statusquo_loss"": 0.3736004941165447}, ""utility_status"": ""ok""}"
69,A2,A,2,default,reuse,safe_existing_reuse,0.07661499083042145,1,True,147456,592130,0,67694596,739586,5916800,512,41.20333376713097,547802112,0.0,25.250516530126333,2.3441024981439114,0.06888136640191078,-0.6395667158067226,-0.008726242929697037,-0.6308404728770256,False,,"{""best_reuse"": ""default"", ""best_reuse_utility"": -0.008726242929697037, ""decision"": ""reuse"", ""fresh_advantage"": -0.6308404728770256, ""fresh_positive"": false, ""fresh_utility"": -0.6395667158067226, ""full_batch_guards"": {""default"": {""crossfit_feasible"": true, ""crossfit_utility"": -0.008726242929697037, ""crossfit_utility_positive"": false, ""full_batch_cur_after"": 0.06803341954946518, ""full_batch_cur_before"": 0.06888142228126526, ""full_batch_gain"": 0.0008480027318000793, ""full_batch_harm"": 0.002773923333734274, ""full_batch_harm_lcb"": -0.004868665430694819, ""full_batch_harm_se"": 0.0038992799818515778, ""full_batch_harm_ucb"": 0.010416512098163366, ""full_batch_safe"": true}}, ""guarded_best_reuse"": ""default"", ""num_adapters"": 1, ""pending_after"": false, ""pending_before"": false, ""policy_version"": ""cau_v1"", ""reason"": ""safe_existing_reuse"", ""utility"": {""batch_n"": 16, ""best_reuse"": ""default"", ""best_reuse_query_after"": 0.07760760933160782, ""best_reuse_utility"": -0.008726242929697037, ""defer_utility"": 0.0, ""fold_a_fresh_utility"": -0.6323991045355797, ""fold_a_query_n"": 8, ""fold_a_support_n"": 8, ""fold_b_fresh_utility"": -0.6467343270778656, ""fold_b_query_n"": 8, ""fold_b_support_n"": 8, ""fresh_advantage"": -0.6308404728770256, ""fresh_local_trainability"": -0.00863155722618103, ""fresh_positive"": false, ""fresh_query_after"": 0.7084480822086334, ""fresh_query_before"": 0.6998165249824524, ""fresh_utility"": -0.6395667158067226, ""reuse_profiles"": {""default"": {""feasible_both"": true, ""fold_a_harm"": -0.002784488722681999, ""fold_a_lcb"": -0.007692372025921941, ""fold_a_query_after"": 0.06098930537700653, ""fold_a_utility"": -0.0027747228741645813, ""fold_b_harm"": 0.012078684754669666, ""fold_b_lcb"": -0.004807117171585558, ""fold_b_query_after"": 0.0942259132862091, ""fold_b_utility"": -0.014677762985229492, ""harm_lcb_max"": -0.004807117171585558, ""harm_mean"": 0.0046470980159938335, ""harm_se_mean"": 0.005559613578952849, ""harm_ucb_max"": 0.02896448668092489, ""local_trainability"": -0.008726242929697037, ""query_after"": 0.07760760933160782, ""query_before"": 0.06888136640191078, ""system_utility"": -0.008726242929697037}}, ""status"": ""ok"", ""statusquo_loss"": 0.06888136640191078}, ""utility_status"": ""ok""}"
70,A2,A,2,default,reuse,safe_existing_reuse,0.2987250089645386,1,True,147456,592130,0,67694596,739586,5916800,512,41.617679031565785,547802112,0.0,25.656967410817742,2.3441024981439114,0.32289255410432816,-0.37449782341718674,-0.003499489277601242,-0.3709983341395855,False,,"{""best_reuse"": ""default"", ""best_reuse_utility"": -0.003499489277601242, ""decision"": ""reuse"", ""fresh_advantage"": -0.3709983341395855, ""fresh_positive"": false, ""fresh_utility"": -0.37449782341718674, ""full_batch_guards"": {""default"": {""crossfit_feasible"": true, ""crossfit_utility"": -0.003499489277601242, ""crossfit_utility_positive"": false, ""full_batch_cur_after"": 0.3121519088745117, ""full_batch_cur_before"": 0.32289251685142517, ""full_batch_gain"": 0.010740607976913452, ""full_batch_harm"": -0.0034741947893053293, ""full_batch_harm_lcb"": -0.0084089314378798, ""full_batch_harm_se"": 0.0025177227798849344, ""full_batch_harm_ucb"": 0.001460541859269142, ""full_batch_safe"": true}}, ""guarded_best_reuse"": ""default"", ""num_adapters"": 1, ""pending_after"": false, ""pending_before"": false, ""policy_version"": ""cau_v1"", ""reason"": ""safe_existing_reuse"", ""utility"": {""batch_n"": 16, ""best_reuse"": ""default"", ""best_reuse_query_after"": 0.3263920433819294, ""best_reuse_utility"": -0.003499489277601242, ""defer_utility"": 0.0, ""fold_a_fresh_utility"": -0.6025102585554123, ""fold_a_query_n"": 8, ""fold_a_support_n"": 8, ""fold_b_fresh_utility"": -0.14648538827896118, ""fold_b_query_n"": 8, ""fold_b_support_n"": 8, ""fresh_advantage"": -0.3709983341395855, ""fresh_local_trainability"": -0.004763901233673096, ""fresh_positive"": false, ""fresh_query_after"": 0.6973903775215149, ""fresh_query_before"": 0.6926264762878418, ""fresh_utility"": -0.37449782341718674, ""reuse_profiles"": {""default"": {""feasible_both"": true, ""fold_a_harm"": -0.005865777842700481, ""fold_a_lcb"": -0.010963706839829683, ""fold_a_query_after"": 0.07564739137887955, ""fold_a_utility"": -0.0004920586943626404, ""fold_b_harm"": 0.012407748028635979, ""fold_b_lcb"": -0.0005378653295338154, ""fold_b_query_after"": 0.5771366953849792, ""fold_b_utility"": -0.006506919860839844, ""harm_lcb_max"": -0.0005378653295338154, ""harm_mean"": 0.0032709850929677486, ""harm_se_mean"": 0.004602944478392601, ""harm_ucb_max"": 0.025353361386805773, ""local_trainability"": -0.003499489277601242, ""query_after"": 0.3263920433819294, ""query_before"": 0.32289255410432816, ""system_utility"": -0.003499489277601242}}, ""status"": ""ok"", ""statusquo_loss"": 0.32289255410432816}, ""utility_status"": ""ok""}"
71,A2,A,2,default,reuse,safe_existing_reuse,0.6441590189933777,1,True,147456,592130,0,67694596,739586,5916800,512,42.016152676194906,547802112,0.0,26.048619838431478,2.3441024981439114,0.5912230014801025,-0.13387277722358704,0.0051530227065086365,-0.13902579993009567,False,,"{""best_reuse"": ""default"", ""best_reuse_utility"": 0.0051530227065086365, ""decision"": ""reuse"", ""fresh_advantage"": -0.13902579993009567, ""fresh_positive"": false, ""fresh_utility"": -0.13387277722358704, ""full_batch_guards"": {""default"": {""crossfit_feasible"": true, ""crossfit_utility"": 0.0051530227065086365, ""crossfit_utility_positive"": true, ""full_batch_cur_after"": 0.5743953585624695, ""full_batch_cur_before"": 0.5912230610847473, ""full_batch_gain"": 0.016827702522277832, ""full_batch_harm"": -0.009606631472706795, ""full_batch_harm_lcb"": -0.018409211374819278, ""full_batch_harm_se"": 0.004491112194955349, ""full_batch_harm_ucb"": -0.0008040515705943115, ""full_batch_safe"": true}}, ""guarded_best_reuse"": ""default"", ""num_adapters"": 1, ""pending_after"": false, ""pending_before"": false, ""policy_version"": ""cau_v1"", ""reason"": ""safe_existing_reuse"", ""utility"": {""batch_n"": 16, ""best_reuse"": ""default"", ""best_reuse_query_after"": 0.5860699787735939, ""best_reuse_utility"": 0.0051530227065086365, ""defer_utility"": 0.0, ""fold_a_fresh_utility"": -0.6256019473075867, ""fold_a_query_n"": 8, ""fold_a_support_n"": 8, ""fold_b_fresh_utility"": 0.3578563928604126, ""fold_b_query_n"": 8, ""fold_b_support_n"": 8, ""fresh_advantage"": -0.13902579993009567, ""fresh_local_trainability"": -0.026680469512939453, ""fresh_positive"": false, ""fresh_query_after"": 0.7250957787036896, ""fresh_query_before"": 0.6984153091907501, ""fresh_utility"": -0.13387277722358704, ""reuse_profiles"": {""default"": {""feasible_both"": true, ""fold_a_harm"": -0.008464725688099861, ""fold_a_lcb"": -0.016815352160483597, ""fold_a_query_after"": 0.0860639363527298, ""fold_a_utility"": -0.0018068104982376099, ""fold_b_harm"": -0.007148046046495438, ""fold_b_lcb"": -0.013870744816958904, ""fold_b_query_after"": 1.086076021194458, ""fold_b_utility"": 0.012112855911254883, ""harm_lcb_max"": -0.013870744816958904, ""harm_mean"": -0.007806385867297649, ""harm_se_mean"": 0.0038452360313385725, ""harm_ucb_max"": -0.00011409921571612323, ""local_trainability"": 0.0051530227065086365, ""query_after"": 0.5860699787735939, ""query_before"": 0.5912230014801025, ""system_utility"": 0.0051530227065086365}}, ""status"": ""ok"", ""statusquo_loss"": 0.5912230014801025}, ""utility_status"": ""ok""}"
72,A2,A,2,default,reuse,safe_existing_reuse,0.33058619499206543,1,True,147456,592130,0,67694596,739586,5916800,512,42.415056735277176,547802112,0.0,26.440738804638386,2.3441024981439114,0.29258426278829575,-0.4379414692521095,-0.0008562207221984863,-0.43708524852991104,False,,"{""best_reuse"": ""default"", ""best_reuse_utility"": -0.0008562207221984863, ""decision"": ""reuse"", ""fresh_advantage"": -0.43708524852991104, ""fresh_positive"": false, ""fresh_utility"": -0.4379414692521095, ""full_batch_guards"": {""default"": {""crossfit_feasible"": true, ""crossfit_utility"": -0.0008562207221984863, ""crossfit_utility_positive"": false, ""full_batch_cur_after"": 0.28600233793258667, ""full_batch_cur_before"": 0.2925843894481659, ""full_batch_gain"": 0.006582051515579224, ""full_batch_harm"": -0.0018780009122565389, ""full_batch_harm_lcb"": -0.010292947818525135, ""full_batch_harm_se"": 0.004293340258300304, ""full_batch_harm_ucb"": 0.006536945994012057, ""full_batch_safe"": true}}, ""guarded_best_reuse"": ""default"", ""num_adapters"": 1, ""pending_after"": false, ""pending_before"": false, ""policy_version"": ""cau_v1"", ""reason"": ""safe_existing_reuse"", ""utility"": {""batch_n"": 16, ""best_reuse"": ""default"", ""best_reuse_query_after"": 0.29344048351049423, ""best_reuse_utility"": -0.0008562207221984863, ""defer_utility"": 0.0, ""fold_a_fresh_utility"": -0.5967363864183426, ""fold_a_query_n"": 8, ""fold_a_support_n"": 8, ""fold_b_fresh_utility"": -0.27914655208587646, ""fold_b_query_n"": 8, ""fold_b_support_n"": 8, ""fresh_advantage"": -0.43708524852991104, ""fresh_local_trainability"": -0.04314205050468445, ""fresh_positive"": false, ""fresh_query_after"": 0.7305257320404053, ""fresh_query_before"": 0.6873836815357208, ""fresh_utility"": -0.4379414692521095, ""reuse_profiles"": {""default"": {""feasible_both"": true, ""fold_a_harm"": -0.009142572060227394, ""fold_a_lcb"": -0.01748181264847517, ""fold_a_query_after"": 0.11483134329319, ""fold_a_utility"": -0.009293884038925171, ""fold_b_harm"": -0.00019998045172542334, ""fold_b_lcb"": -0.00819869594182819, ""fold_b_query_after"": 0.47204962372779846, ""fold_b_utility"": 0.007581442594528198, ""harm_lcb_max"": -0.00819869594182819, ""harm_mean"": -0.004671276255976409, ""harm_se_mean"": 0.004167845938354731, ""harm_ucb_max"": 0.007798735038377344, ""local_trainability"": -0.0008562207221984863, ""query_after"": 0.29344048351049423, ""query_before"": 0.29258426278829575, ""system_utility"": -0.0008562207221984863}}, ""status"": ""ok"", ""statusquo_loss"": 0.29258426278829575}, ""utility_status"": ""ok""}"
73,A2,A,2,default,reuse,safe_existing_reuse,0.39303016662597656,1,True,147456,592130,0,67694596,739586,5916800,512,42.83495225198567,547802112,0.0,26.853699879720807,2.3441024981439114,0.4853297024965286,-0.23508204519748688,-0.012299314141273499,-0.22278273105621338,False,,"{""best_reuse"": ""default"", ""best_reuse_utility"": -0.012299314141273499, ""decision"": ""reuse"", ""fresh_advantage"": -0.22278273105621338, ""fresh_positive"": false, ""fresh_utility"": -0.23508204519748688, ""full_batch_guards"": {""default"": {""crossfit_feasible"": true, ""crossfit_utility"": -0.012299314141273499, ""crossfit_utility_positive"": false, ""full_batch_cur_after"": 0.4619857668876648, ""full_batch_cur_before"": 0.4853297472000122, ""full_batch_gain"": 0.023343980312347412, ""full_batch_harm"": -7.044104859232903e-05, ""full_batch_harm_lcb"": -0.008643138352781535, ""full_batch_harm_se"": 0.004373825155198574, ""full_batch_harm_ucb"": 0.008502256255596877, ""full_batch_safe"": true}}, ""guarded_best_reuse"": ""default"", ""num_adapters"": 1, ""pending_after"": false, ""pending_before"": false, ""policy_version"": ""cau_v1"", ""reason"": ""safe_existing_reuse"", ""utility"": {""batch_n"": 16, ""best_reuse"": ""default"", ""best_reuse_query_after"": 0.4976290166378021, ""best_reuse_utility"": -0.012299314141273499, ""defer_utility"": 0.0, ""fold_a_fresh_utility"": -0.3849736750125885, ""fold_a_query_n"": 8, ""fold_a_support_n"": 8, ""fold_b_fresh_utility"": -0.08519041538238525, ""fold_b_query_n"": 8, ""fold_b_support_n"": 8, ""fresh_advantage"": -0.22278273105621338, ""fresh_local_trainability"": 0.009305804967880249, ""fresh_positive"": false, ""fresh_query_after"": 0.7204117476940155, ""fresh_query_before"": 0.7297175526618958, ""fresh_utility"": -0.23508204519748688, ""reuse_profiles"": {""default"": {""feasible_both"": true, ""fold_a_harm"": 0.0031779152341187, ""fold_a_lcb"": -0.014412422385066747, ""fold_a_query_after"": 0.37145137786865234, ""fold_a_utility"": -0.021800369024276733, ""fold_b_harm"": -0.0024165885988622904, ""fold_b_lcb"": -0.008516857819631695, ""fold_b_query_after"": 0.6238066554069519, ""fold_b_utility"": -0.0027982592582702637, ""harm_lcb_max"": -0.008516857819631695, ""harm_mean"": 0.0003806633176282048, ""harm_se_mean"": 0.006043522153049707, ""harm_ucb_max"": 0.020768252853304147, ""local_trainability"": -0.012299314141273499, ""query_after"": 0.4976290166378021, ""query_before"": 0.4853297024965286, ""system_utility"": -0.012299314141273499}}, ""status"": ""ok"", ""statusquo_loss"": 0.4853297024965286}, ""utility_status"": ""ok""}"
74,A2,A,2,default,reuse,safe_existing_reuse,0.24552509188652039,1,True,147456,592130,0,67694596,739586,5916800,512,43.24067071452737,547802112,0.0,27.252684451639652,2.3441024981439114,0.2687631696462631,-0.43026746809482574,-0.003502100706100464,-0.4267653673887253,False,,"{""best_reuse"": ""default"", ""best_reuse_utility"": -0.003502100706100464, ""decision"": ""reuse"", ""fresh_advantage"": -0.4267653673887253, ""fresh_positive"": false, ""fresh_utility"": -0.43026746809482574, ""full_batch_guards"": {""default"": {""crossfit_feasible"": true, ""crossfit_utility"": -0.003502100706100464, ""crossfit_utility_positive"": false, ""full_batch_cur_after"": 0.26097190380096436, ""full_batch_cur_before"": 0.26876315474510193, ""full_batch_gain"": 0.007791250944137573, ""full_batch_harm"": 0.00032166746677830815, ""full_batch_harm_lcb"": -0.0041193772456608714, ""full_batch_harm_se"": 0.0022658391389995813, ""full_batch_harm_ucb"": 0.004762712179217488, ""full_batch_safe"": true}}, ""guarded_best_reuse"": ""default"", ""num_adapters"": 1, ""pending_after"": false, ""pending_before"": false, ""policy_version"": ""cau_v1"", ""reason"": ""safe_existing_reuse"", ""utility"": {""batch_n"": 16, ""best_reuse"": ""default"", ""best_reuse_query_after"": 0.2722652703523636, ""best_reuse_utility"": -0.003502100706100464, ""defer_utility"": 0.0, ""fold_a_fresh_utility"": -0.34811484813690186, ""fold_a_query_n"": 8, ""fold_a_support_n"": 8, ""fold_b_fresh_utility"": -0.5124200880527496, ""fold_b_query_n"": 8, ""fold_b_support_n"": 8, ""fresh_advantage"": -0.4267653673887253, ""fresh_local_trainability"": 0.012868702411651611, ""fresh_positive"": false, ""fresh_query_after"": 0.6990306377410889, ""fresh_query_before"": 0.7118993401527405, ""fresh_utility"": -0.43026746809482574, ""reuse_profiles"": {""default"": {""feasible_both"": true, ""fold_a_harm"": 7.541209924966097e-06, ""fold_a_lcb"": -0.004787370392587036, ""fold_a_query_after"": 0.3377053141593933, ""fold_a_utility"": 0.002369701862335205, ""fold_b_harm"": 0.00444591511040926, ""fold_b_lcb"": -0.004474431797862053, ""fold_b_query_after"": 0.20682522654533386, ""fold_b_utility"": -0.009373903274536133, ""harm_lcb_max"": -0.004474431797862053, ""harm_mean"": 0.002226728160167113, ""harm_se_mean"": 0.003498790436424315, ""harm_ucb_max"": 0.013366262018680573, ""local_trainability"": -0.003502100706100464, ""query_after"": 0.2722652703523636, ""query_before"": 0.2687631696462631, ""system_utility"": -0.003502100706100464}}, ""status"": ""ok"", ""statusquo_loss"": 0.2687631696462631}, ""utility_status"": ""ok""}"
75,A2,A,2,default,reuse,safe_existing_reuse,0.3601967394351959,1,True,147456,592130,0,67694596,739586,5916800,512,43.6750961933285,547802112,0.0,27.680347437039018,2.3441024981439114,0.47376401722431183,-0.22148649394512177,0.008309334516525269,-0.22979582846164703,False,,"{""best_reuse"": ""default"", ""best_reuse_utility"": 0.008309334516525269, ""decision"": ""reuse"", ""fresh_advantage"": -0.22979582846164703, ""fresh_positive"": false, ""fresh_utility"": -0.22148649394512177, ""full_batch_guards"": {""default"": {""crossfit_feasible"": true, ""crossfit_utility"": 0.008309334516525269, ""crossfit_utility_positive"": true, ""full_batch_cur_after"": 0.45208433270454407, ""full_batch_cur_before"": 0.47376397252082825, ""full_batch_gain"": 0.02167963981628418, ""full_batch_harm"": 0.0006669135764241219, ""full_batch_harm_lcb"": -0.008098564315587283, ""full_batch_harm_se"": 0.004472182597965002, ""full_batch_harm_ucb"": 0.009432391468435527, ""full_batch_safe"": true}}, ""guarded_best_reuse"": ""default"", ""num_adapters"": 1, ""pending_after"": false, ""pending_before"": false, ""policy_version"": ""cau_v1"", ""reason"": ""safe_existing_reuse"", ""utility"": {""batch_n"": 16, ""best_reuse"": ""default"", ""best_reuse_query_after"": 0.46545468270778656, ""best_reuse_utility"": 0.008309334516525269, ""defer_utility"": 0.0, ""fold_a_fresh_utility"": -0.16235601902008057, ""fold_a_query_n"": 8, ""fold_a_support_n"": 8, ""fold_b_fresh_utility"": -0.28061696887016296, ""fold_b_query_n"": 8, ""fold_b_support_n"": 8, ""fresh_advantage"": -0.22979582846164703, ""fresh_local_trainability"": 0.0014789700508117676, ""fresh_positive"": false, ""fresh_query_after"": 0.6952505111694336, ""fresh_query_before"": 0.6967294812202454, ""fresh_utility"": -0.22148649394512177, ""reuse_profiles"": {""default"": {""feasible_both"": true, ""fold_a_harm"": 0.0009463740279898047, ""fold_a_lcb"": -0.005770436027087271, ""fold_a_query_after"": 0.5319694876670837, ""fold_a_utility"": 0.005584895610809326, ""fold_b_harm"": 0.0005994543898850679, ""fold_b_lcb"": -0.0078185819927603, ""fold_b_query_after"": 0.3989398777484894, ""fold_b_utility"": 0.011033773422241211, ""harm_lcb_max"": -0.005770436027087271, ""harm_mean"": 0.0007729142089374363, ""harm_se_mean"": 0.0038609302137047052, ""harm_ucb_max"": 0.009017490772530437, ""local_trainability"": 0.008309334516525269, ""query_after"": 0.46545468270778656, ""query_before"": 0.47376401722431183, ""system_utility"": 0.008309334516525269}}, ""status"": ""ok"", ""statusquo_loss"": 0.47376401722431183}, ""utility_status"": ""ok""}"
76,A2,A,2,default,reuse,safe_existing_reuse,0.2705952227115631,1,True,147456,592130,0,67694596,739586,5916800,512,44.11430752649903,547802112,0.0,28.11270155198872,2.3441024981439114,0.33826887607574463,-0.3548813462257385,-0.008700236678123474,-0.34618110954761505,False,,"{""best_reuse"": ""default"", ""best_reuse_utility"": -0.008700236678123474, ""decision"": ""reuse"", ""fresh_advantage"": -0.34618110954761505, ""fresh_positive"": false, ""fresh_utility"": -0.3548813462257385, ""full_batch_guards"": {""default"": {""crossfit_feasible"": true, ""crossfit_utility"": -0.008700236678123474, ""crossfit_utility_positive"": false, ""full_batch_cur_after"": 0.33629050850868225, ""full_batch_cur_before"": 0.33826905488967896, ""full_batch_gain"": 0.001978546380996704, ""full_batch_harm"": -0.0007473290315829217, ""full_batch_harm_lcb"": -0.003975317541044205, ""full_batch_harm_se"": 0.0016469329129904509, ""full_batch_harm_ucb"": 0.002480659477878362, ""full_batch_safe"": true}}, ""guarded_best_reuse"": ""default"", ""num_adapters"": 1, ""pending_after"": false, ""pending_before"": false, ""policy_version"": ""cau_v1"", ""reason"": ""safe_existing_reuse"", ""utility"": {""batch_n"": 16, ""best_reuse"": ""default"", ""best_reuse_query_after"": 0.3469691127538681, ""best_reuse_utility"": -0.008700236678123474, ""defer_utility"": 0.0, ""fold_a_fresh_utility"": -0.2565124034881592, ""fold_a_query_n"": 8, ""fold_a_support_n"": 8, ""fold_b_fresh_utility"": -0.45325028896331787, ""fold_b_query_n"": 8, ""fold_b_support_n"": 8, ""fresh_advantage"": -0.34618110954761505, ""fresh_local_trainability"": -0.017592966556549072, ""fresh_positive"": false, ""fresh_query_after"": 0.6931502223014832, ""fresh_query_before"": 0.6755572557449341, ""fresh_utility"": -0.3548813462257385, ""reuse_profiles"": {""default"": {""feasible_both"": true, ""fold_a_harm"": -0.002334513468667865, ""fold_a_lcb"": -0.008048981931060552, ""fold_a_query_after"": 0.4359794855117798, ""fold_a_utility"": -0.017501235008239746, ""fold_b_harm"": -0.0007702990551479161, ""fold_b_lcb"": -0.003910803815815598, ""fold_b_query_after"": 0.2579587399959564, ""fold_b_utility"": 0.00010076165199279785, ""harm_lcb_max"": -0.003910803815815598, ""harm_mean"": -0.0015524062619078904, ""harm_se_mean"": 0.002258921740576625, ""harm_ucb_max"": 0.003379954993724823, ""local_trainability"": -0.008700236678123474, ""query_after"": 0.3469691127538681, ""query_before"": 0.33826887607574463, ""system_utility"": -0.008700236678123474}}, ""status"": ""ok"", ""statusquo_loss"": 0.33826887607574463}, ""utility_status"": ""ok""}"
77,A2,A,2,default,reuse,safe_existing_reuse,0.6372528076171875,1,True,147456,592130,0,67694596,739586,5916800,512,44.54628227837384,547802112,0.0,28.53776913508773,2.3441024981439114,0.59222511947155,-0.0185060054063797,0.018717631697654724,-0.037223637104034424,False,,"{""best_reuse"": ""default"", ""best_reuse_utility"": 0.018717631697654724, ""decision"": ""reuse"", ""fresh_advantage"": -0.037223637104034424, ""fresh_positive"": false, ""fresh_utility"": -0.0185060054063797, ""full_batch_guards"": {""default"": {""crossfit_feasible"": true, ""crossfit_utility"": 0.018717631697654724, ""crossfit_utility_positive"": true, ""full_batch_cur_after"": 0.5665096640586853, ""full_batch_cur_before"": 0.5922247767448425, ""full_batch_gain"": 0.025715112686157227, ""full_batch_harm"": 0.004959104582667351, ""full_batch_harm_lcb"": -0.0021487743128091093, ""full_batch_harm_se"": 0.003626468824222684, ""full_batch_harm_ucb"": 0.012066983478143811, ""full_batch_safe"": true}}, ""guarded_best_reuse"": ""default"", ""num_adapters"": 1, ""pending_after"": false, ""pending_before"": false, ""policy_version"": ""cau_v1"", ""reason"": ""safe_existing_reuse"", ""utility"": {""batch_n"": 16, ""best_reuse"": ""default"", ""best_reuse_query_after"": 0.5735074877738953, ""best_reuse_utility"": 0.018717631697654724, ""defer_utility"": 0.0, ""fold_a_fresh_utility"": -0.2514146864414215, ""fold_a_query_n"": 8, ""fold_a_support_n"": 8, ""fold_b_fresh_utility"": 0.2144026756286621, ""fold_b_query_n"": 8, ""fold_b_support_n"": 8, ""fresh_advantage"": -0.037223637104034424, ""fresh_local_trainability"": 0.04643788933753967, ""fresh_positive"": false, ""fresh_query_after"": 0.6107311248779297, ""fresh_query_before"": 0.6571690142154694, ""fresh_utility"": -0.0185060054063797, ""reuse_profiles"": {""default"": {""feasible_both"": true, ""fold_a_harm"": 0.004263873212039471, ""fold_a_lcb"": -0.0019324563629925249, ""fold_a_query_after"": 0.3515971899032593, ""fold_a_utility"": 0.01389738917350769, ""fold_b_harm"": 0.005180780775845051, ""fold_b_lcb"": -0.0020881757512688634, ""fold_b_query_after"": 0.7954177856445312, ""fold_b_utility"": 0.023537874221801758, ""harm_lcb_max"": -0.0019324563629925249, ""harm_mean"": 0.004722326993942261, ""harm_se_mean"": 0.0034350219648331404, ""harm_ucb_max"": 0.012449737302958966, ""local_trainability"": 0.018717631697654724, ""query_after"": 0.5735074877738953, ""query_before"": 0.59222511947155, ""system_utility"": 0.018717631697654724}}, ""status"": ""ok"", ""statusquo_loss"": 0.59222511947155}, ""utility_status"": ""ok""}"
78,A2,A,2,default,defer,no_retention_feasible_reuse,,1,False,147456,592130,0,67694596,739586,5916800,512,44.88549638539553,547802112,0.0,28.86997701972723,2.3441024981439114,0.24589641392230988,-0.4236796051263809,,,False,,"{""best_reuse"": null, ""best_reuse_utility"": null, ""decision"": ""defer"", ""fresh_advantage"": null, ""fresh_positive"": false, ""fresh_utility"": -0.4236796051263809, ""full_batch_guards"": {}, ""guarded_best_reuse"": null, ""num_adapters"": 1, ""pending_after"": false, ""pending_before"": false, ""policy_version"": ""cau_v1"", ""reason"": ""no_retention_feasible_reuse"", ""utility"": {""batch_n"": 16, ""best_reuse"": null, ""best_reuse_query_after"": null, ""best_reuse_utility"": null, ""defer_utility"": 0.0, ""fold_a_fresh_utility"": -0.4006631374359131, ""fold_a_query_n"": 8, ""fold_a_support_n"": 8, ""fold_b_fresh_utility"": -0.44669607281684875, ""fold_b_query_n"": 8, ""fold_b_support_n"": 8, ""fresh_advantage"": null, ""fresh_local_trainability"": -0.009830176830291748, ""fresh_positive"": false, ""fresh_query_after"": 0.6695760190486908, ""fresh_query_before"": 0.659745842218399, ""fresh_utility"": -0.4236796051263809, ""reuse_profiles"": {""default"": {""feasible_both"": false, ""fold_a_harm"": 0.014453556388616562, ""fold_a_lcb"": 0.004130586292594671, ""fold_a_query_after"": 0.21990203857421875, ""fold_a_utility"": 0.015651285648345947, ""fold_b_harm"": 0.018137212842702866, ""fold_b_lcb"": 0.00541148440912366, ""fold_b_query_after"": 0.24590642750263214, ""fold_b_utility"": 0.010333076119422913, ""harm_lcb_max"": 0.00541148440912366, ""harm_mean"": 0.016295384615659714, ""harm_se_mean"": 0.005879770033061504, ""harm_ucb_max"": 0.03086294127628207, ""local_trainability"": 0.01299218088388443, ""query_after"": 0.23290423303842545, ""query_before"": 0.24589641392230988, ""system_utility"": 0.01299218088388443}}, ""status"": ""ok"", ""statusquo_loss"": 0.24589641392230988}, ""utility_status"": ""ok""}"
79,A2,A,2,default,reuse,safe_existing_reuse,0.3660808503627777,1,True,147456,592130,0,67694596,739586,5916800,512,45.31538140773773,547802112,0.0,29.292894979938865,2.3441024981439114,0.36572378873825073,-0.3052935004234314,-7.547438144683838e-05,-0.30521802604198456,False,,"{""best_reuse"": ""default"", ""best_reuse_utility"": -7.547438144683838e-05, ""decision"": ""reuse"", ""fresh_advantage"": -0.30521802604198456, ""fresh_positive"": false, ""fresh_utility"": -0.3052935004234314, ""full_batch_guards"": {""default"": {""crossfit_feasible"": true, ""crossfit_utility"": -7.547438144683838e-05, ""crossfit_utility_positive"": false, ""full_batch_cur_after"": 0.35534268617630005, ""full_batch_cur_before"": 0.36572378873825073, ""full_batch_gain"": 0.010381102561950684, ""full_batch_harm"": 0.0019386520143598318, ""full_batch_harm_lcb"": -0.0010983673809096218, ""full_batch_harm_se"": 0.001549499691464007, ""full_batch_harm_ucb"": 0.0049756714096292854, ""full_batch_safe"": true}}, ""guarded_best_reuse"": ""default"", ""num_adapters"": 1, ""pending_after"": false, ""pending_before"": false, ""policy_version"": ""cau_v1"", ""reason"": ""safe_existing_reuse"", ""utility"": {""batch_n"": 16, ""best_reuse"": ""default"", ""best_reuse_query_after"": 0.36579926311969757, ""best_reuse_utility"": -7.547438144683838e-05, ""defer_utility"": 0.0, ""fold_a_fresh_utility"": -0.38005420565605164, ""fold_a_query_n"": 8, ""fold_a_support_n"": 8, ""fold_b_fresh_utility"": -0.23053279519081116, ""fold_b_query_n"": 8, ""fold_b_support_n"": 8, ""fresh_advantage"": -0.30521802604198456, ""fresh_local_trainability"": 0.08274644613265991, ""fresh_positive"": false, ""fresh_query_after"": 0.6710172891616821, ""fresh_query_before"": 0.753763735294342, ""fresh_utility"": -0.3052935004234314, ""reuse_profiles"": {""default"": {""feasible_both"": true, ""fold_a_harm"": 0.002473486354574561, ""fold_a_lcb"": -0.0006297491444274784, ""fold_a_query_after"": 0.2724185287952423, ""fold_a_utility"": 0.0011786222457885742, ""fold_b_harm"": 0.0031090721022337675, ""fold_b_lcb"": -0.0004372404003515837, ""fold_b_query_after"": 0.45917999744415283, ""fold_b_utility"": -0.001329571008682251, ""harm_lcb_max"": -0.0004372404003515837, ""harm_mean"": 0.0027912792284041643, ""harm_se_mean"": 0.001696313265711069, ""harm_ucb_max"": 0.006655384604819119, ""local_trainability"": -7.547438144683838e-05, ""query_after"": 0.36579926311969757, ""query_before"": 0.36572378873825073, ""system_utility"": -7.547438144683838e-05}}, ""status"": ""ok"", ""statusquo_loss"": 0.36572378873825073}, ""utility_status"": ""ok""}"
80,A2,A,2,default,reuse,pending_fresh_safe_existing_reuse,0.7157802581787109,1,True,147456,592130,0,67694596,739586,5916800,512,45.752507047727704,547802112,0.0,29.722704328596592,2.3441024981439114,0.7120876237750053,0.02011292427778244,0.015804804861545563,0.0043081194162368774,True,,"{""best_reuse"": ""default"", ""best_reuse_utility"": 0.015804804861545563, ""decision"": ""reuse"", ""fresh_advantage"": 0.0043081194162368774, ""fresh_positive"": true, ""fresh_utility"": 0.02011292427778244, ""full_batch_guards"": {""default"": {""crossfit_feasible"": true, ""crossfit_utility"": 0.015804804861545563, ""crossfit_utility_positive"": true, ""full_batch_cur_after"": 0.6807726621627808, ""full_batch_cur_before"": 0.7120875716209412, ""full_batch_gain"": 0.0313149094581604, ""full_batch_harm"": -0.0016750243958085775, ""full_batch_harm_lcb"": -0.00615145388059318, ""full_batch_harm_se"": 0.0022838925942778587, ""full_batch_harm_ucb"": 0.002801405088976025, ""full_batch_safe"": true}}, ""guarded_best_reuse"": ""default"", ""num_adapters"": 1, ""pending_after"": true, ""pending_before"": false, ""policy_version"": ""cau_v1"", ""reason"": ""pending_fresh_safe_existing_reuse"", ""utility"": {""batch_n"": 16, ""best_reuse"": ""default"", ""best_reuse_query_after"": 0.6962828189134598, ""best_reuse_utility"": 0.015804804861545563, ""defer_utility"": 0.0, ""fold_a_fresh_utility"": 0.5574297308921814, ""fold_a_query_n"": 8, ""fold_a_support_n"": 8, ""fold_b_fresh_utility"": -0.5172038823366165, ""fold_b_query_n"": 8, ""fold_b_support_n"": 8, ""fresh_advantage"": 0.0043081194162368774, ""fresh_local_trainability"": 0.0017814040184020996, ""fresh_positive"": true, ""fresh_query_after"": 0.6919746994972229, ""fresh_query_before"": 0.693756103515625, ""fresh_utility"": 0.02011292427778244, ""reuse_profiles"": {""default"": {""feasible_both"": true, ""fold_a_harm"": -0.0009506574715487659, ""fold_a_lcb"": -0.003836996441241354, ""fold_a_query_after"": 1.2253062725067139, ""fold_a_utility"": 0.0279691219329834, ""fold_b_harm"": -0.0014501047553494573, ""fold_b_lcb"": -0.00584048022981733, ""fold_b_query_after"": 0.1672593653202057, ""fold_b_utility"": 0.003640487790107727, ""harm_lcb_max"": -0.003836996441241354, ""harm_mean"": -0.0012003811134491116, ""harm_se_mean"": 0.0018563047051429749, ""harm_ucb_max"": 0.002940270719118416, ""local_trainability"": 0.015804804861545563, ""query_after"": 0.6962828189134598, ""query_before"": 0.7120876237750053, ""system_utility"": 0.015804804861545563}}, ""status"": ""ok"", ""statusquo_loss"": 0.7120876237750053}, ""utility_status"": ""ok""}"
